abdominohysterectomy 160.0 52.0 -96.0 -52.0 176.0 -52.0 -16.0 104.0 -16.0 -104.0 -16.0 104.0 48.0 -104.0 -80.0 52.0 -16.0 -52.0 -112.0 52.0 80.0 -52.0 -64.0 0.0 32.0 0.0 -32.0 0.0 48.0 104.0 16.0 -104.0 128.0 0.0 -16.0 104.0 -80.0 -104.0 
acetylmethylcarbinol 96.0 52.0 -48.0 -104.0 64.0 0.0 32.0 0.0 112.0 52.0 -32.0 52.0 -176.0 -104.0 64.0 0.0 48.0 52.0 -16.0 -52.0 112.0 52.0 -160.0 52.0 -96.0 -52.0 80.0 -52.0 80.0 104.0 48.0 -104.0 -16.0 104.0 48.0 -104.0 16.0 52.0 
anarchoindividualist 192.0 52.0 -192.0 -52.0 80.0 -52.0 16.0 104.0 64.0 -52.0 80.0 -52.0 -32.0 0.0 -16.0 104.0 -128.0 -52.0 144.0 -52.0 -80.0 104.0 80.0 -104.0 -144.0 52.0 112.0 -52.0 -176.0 52.0 256.0 0.0 -48.0 -52.0 -176.0 52.0 80.0 -52.0 
anatomicochirurgical 192.0 52.0 -192.0 -52.0 112.0 -52.0 128.0 0.0 -16.0 104.0 -16.0 -104.0 -112.0 104.0 144.0 -104.0 -144.0 104.0 64.0 -52.0 48.0 -52.0 -128.0 0.0 96.0 0.0 -96.0 0.0 48.0 52.0 80.0 -52.0 -112.0 104.0 -96.0 -52.0 256.0 0.0 
anatomicophysiologic 192.0 52.0 -192.0 -52.0 112.0 -52.0 128.0 0.0 -16.0 104.0 -16.0 -104.0 -112.0 104.0 144.0 -104.0 32.0 0.0 -112.0 52.0 -16.0 -52.0 -112.0 52.0 176.0 -52.0 32.0 0.0 16.0 52.0 -16.0 -52.0 -112.0 52.0 80.0 -52.0 -112.0 104.0 
anthrohopobiological 192.0 52.0 -80.0 -104.0 48.0 52.0 -80.0 -52.0 160.0 0.0 -80.0 52.0 80.0 -52.0 32.0 0.0 -32.0 0.0 -80.0 104.0 48.0 -104.0 32.0 0.0 16.0 52.0 -16.0 -52.0 -112.0 52.0 80.0 -52.0 -112.0 104.0 -96.0 -52.0 256.0 0.0 
anthropogeographical 192.0 52.0 -80.0 -104.0 48.0 52.0 -80.0 -52.0 160.0 0.0 32.0 0.0 -32.0 0.0 -112.0 52.0 -80.0 -52.0 192.0 0.0 -112.0 52.0 -48.0 -52.0 -80.0 52.0 272.0 -52.0 -112.0 52.0 48.0 -52.0 -112.0 104.0 -96.0 -52.0 256.0 0.0 
anthropomorphization 192.0 52.0 -80.0 -104.0 48.0 52.0 -80.0 -52.0 160.0 0.0 32.0 0.0 -32.0 0.0 -16.0 104.0 16.0 -104.0 -160.0 0.0 192.0 0.0 -112.0 52.0 48.0 -52.0 -176.0 104.0 -32.0 -52.0 112.0 -52.0 96.0 0.0 32.0 0.0 -48.0 104.0 
anthropomorphotheist 192.0 52.0 -80.0 -104.0 48.0 52.0 -80.0 -52.0 160.0 0.0 32.0 0.0 -32.0 0.0 -16.0 104.0 16.0 -104.0 -160.0 0.0 192.0 0.0 -112.0 52.0 80.0 -52.0 -128.0 0.0 48.0 52.0 -112.0 -52.0 160.0 0.0 -176.0 52.0 80.0 -52.0 
anthropophysiography 192.0 52.0 -80.0 -104.0 48.0 52.0 -80.0 -52.0 160.0 0.0 32.0 0.0 -32.0 0.0 32.0 0.0 -112.0 52.0 -16.0 -52.0 -112.0 52.0 176.0 -52.0 32.0 0.0 -112.0 52.0 -48.0 -52.0 -80.0 52.0 272.0 -52.0 -112.0 52.0 -16.0 -52.0 
anthropoteleological 192.0 52.0 -80.0 -104.0 48.0 52.0 -80.0 -52.0 160.0 0.0 32.0 0.0 -32.0 0.0 -128.0 0.0 -64.0 0.0 208.0 52.0 -208.0 -52.0 192.0 0.0 16.0 52.0 -16.0 -52.0 -112.0 52.0 80.0 -52.0 -112.0 104.0 -96.0 -52.0 256.0 0.0 
antianthropomorphism 192.0 52.0 -80.0 -104.0 96.0 0.0 -208.0 52.0 192.0 52.0 -80.0 -104.0 48.0 52.0 -80.0 -52.0 160.0 0.0 32.0 0.0 -32.0 0.0 -16.0 104.0 16.0 -104.0 -160.0 0.0 192.0 0.0 -112.0 52.0 48.0 -52.0 -176.0 52.0 192.0 52.0 
anticonfederationist 192.0 52.0 -80.0 -104.0 96.0 0.0 -112.0 104.0 144.0 -104.0 -48.0 104.0 -96.0 -52.0 -48.0 -52.0 16.0 52.0 -16.0 -52.0 32.0 0.0 -80.0 52.0 112.0 -52.0 96.0 0.0 32.0 0.0 -48.0 104.0 16.0 -104.0 -176.0 52.0 80.0 -52.0 
anticonstitutionally 192.0 52.0 -80.0 -104.0 96.0 0.0 -112.0 104.0 144.0 -104.0 -48.0 104.0 -160.0 -52.0 80.0 -52.0 96.0 0.0 -96.0 0.0 64.0 0.0 -64.0 0.0 96.0 0.0 32.0 0.0 -48.0 104.0 -192.0 -52.0 256.0 0.0 0.0 0.0 -112.0 -52.0 
antiprestidigitation 192.0 52.0 -80.0 -104.0 96.0 0.0 64.0 0.0 -192.0 0.0 -32.0 0.0 -16.0 52.0 80.0 -52.0 96.0 0.0 -144.0 52.0 144.0 -52.0 -80.0 52.0 80.0 -52.0 -96.0 0.0 -112.0 52.0 112.0 -52.0 96.0 0.0 32.0 0.0 -48.0 104.0 
antitintinnabularian 192.0 52.0 -80.0 -104.0 96.0 0.0 -96.0 0.0 96.0 0.0 -16.0 104.0 -80.0 -104.0 96.0 0.0 -16.0 104.0 0.0 0.0 -192.0 -52.0 160.0 52.0 16.0 -104.0 80.0 52.0 -256.0 0.0 80.0 -52.0 128.0 0.0 -208.0 52.0 192.0 52.0 
archaeopterygiformes 80.0 -52.0 16.0 104.0 64.0 -52.0 -160.0 0.0 48.0 -52.0 192.0 0.0 32.0 0.0 -160.0 0.0 -64.0 0.0 32.0 0.0 64.0 0.0 -16.0 52.0 80.0 -52.0 -112.0 52.0 144.0 -52.0 -160.0 0.0 144.0 104.0 -176.0 -104.0 -16.0 52.0 
arteriosympathectomy 80.0 -52.0 32.0 0.0 -64.0 0.0 32.0 0.0 128.0 0.0 32.0 0.0 -208.0 52.0 112.0 -52.0 80.0 104.0 48.0 -104.0 -272.0 52.0 112.0 -52.0 48.0 52.0 -112.0 -52.0 48.0 104.0 16.0 -104.0 128.0 0.0 -16.0 104.0 -80.0 -104.0 
autodepolymerization 176.0 -52.0 -64.0 0.0 128.0 0.0 -176.0 52.0 -16.0 -52.0 224.0 0.0 -32.0 0.0 16.0 52.0 -112.0 -52.0 80.0 104.0 -176.0 -104.0 32.0 0.0 128.0 0.0 -176.0 104.0 -32.0 -52.0 112.0 -52.0 96.0 0.0 32.0 0.0 -48.0 104.0 
barothermohygrograph -160.0 -52.0 80.0 -52.0 160.0 0.0 -128.0 0.0 48.0 52.0 -112.0 -52.0 32.0 0.0 144.0 104.0 16.0 -104.0 -80.0 52.0 -16.0 -52.0 -16.0 52.0 -48.0 -52.0 160.0 0.0 -112.0 52.0 -48.0 -52.0 -80.0 52.0 272.0 -52.0 -112.0 52.0 
benzofuroquinoxaline -112.0 -104.0 144.0 104.0 -160.0 0.0 208.0 -104.0 -144.0 52.0 80.0 -52.0 -96.0 0.0 160.0 0.0 -256.0 0.0 192.0 0.0 32.0 0.0 -16.0 104.0 48.0 -104.0 -176.0 104.0 -64.0 -52.0 256.0 0.0 -48.0 -52.0 -16.0 104.0 -144.0 -104.0 
biblicopsychological 48.0 -104.0 -48.0 104.0 96.0 -52.0 -48.0 -52.0 -112.0 104.0 144.0 -104.0 32.0 0.0 -240.0 52.0 112.0 -52.0 -48.0 104.0 64.0 -52.0 80.0 -52.0 16.0 52.0 -16.0 -52.0 -112.0 52.0 80.0 -52.0 -112.0 104.0 -96.0 -52.0 256.0 0.0 
blepharochromidrosis 96.0 -52.0 -208.0 -52.0 224.0 0.0 -112.0 52.0 -160.0 0.0 80.0 -52.0 160.0 0.0 -144.0 104.0 64.0 -52.0 -80.0 -52.0 160.0 0.0 -16.0 104.0 -16.0 -104.0 -144.0 52.0 16.0 -52.0 160.0 0.0 -208.0 52.0 176.0 -52.0 -176.0 52.0 
blepharohematidrosis 96.0 -52.0 -208.0 -52.0 224.0 0.0 -112.0 52.0 -160.0 0.0 80.0 -52.0 160.0 0.0 -80.0 52.0 -112.0 -52.0 176.0 104.0 -224.0 -52.0 112.0 -52.0 96.0 0.0 -144.0 52.0 16.0 -52.0 160.0 0.0 -208.0 52.0 176.0 -52.0 -176.0 52.0 
bronchoaspergillosis -80.0 -104.0 160.0 0.0 -48.0 104.0 -96.0 0.0 64.0 -52.0 80.0 -52.0 -240.0 52.0 32.0 0.0 240.0 -52.0 -224.0 0.0 32.0 0.0 48.0 52.0 80.0 -52.0 48.0 52.0 0.0 0.0 -16.0 -52.0 -208.0 52.0 176.0 -52.0 -176.0 52.0 
bronchoesophagoscopy -80.0 -104.0 160.0 0.0 -48.0 104.0 -96.0 0.0 64.0 -52.0 80.0 -52.0 -192.0 0.0 -16.0 52.0 208.0 -52.0 32.0 0.0 -112.0 52.0 -160.0 0.0 128.0 0.0 112.0 -52.0 -208.0 52.0 64.0 52.0 144.0 -104.0 32.0 0.0 -128.0 0.0 
calcareoargillaceous -96.0 -52.0 256.0 0.0 -160.0 52.0 -96.0 -52.0 80.0 -52.0 -32.0 0.0 192.0 0.0 -240.0 52.0 80.0 -52.0 48.0 52.0 80.0 -52.0 48.0 52.0 0.0 0.0 -256.0 0.0 96.0 52.0 -48.0 -104.0 192.0 0.0 -64.0 0.0 -144.0 52.0 
characteristicalness 64.0 -52.0 -160.0 0.0 80.0 -52.0 -80.0 52.0 96.0 52.0 16.0 -104.0 -64.0 0.0 32.0 0.0 128.0 0.0 -176.0 52.0 80.0 -52.0 96.0 0.0 -112.0 104.0 -96.0 -52.0 256.0 0.0 -64.0 52.0 -144.0 -104.0 -16.0 52.0 0.0 0.0 
chemicomineralogical 64.0 -52.0 -112.0 -52.0 176.0 104.0 -16.0 -104.0 -112.0 104.0 144.0 -104.0 -16.0 104.0 -16.0 -104.0 -16.0 104.0 -144.0 -104.0 32.0 0.0 -80.0 52.0 256.0 0.0 -16.0 -52.0 -112.0 52.0 80.0 -52.0 -112.0 104.0 -96.0 -52.0 256.0 0.0 
chemicophysiological 64.0 -52.0 -112.0 -52.0 176.0 104.0 -16.0 -104.0 -112.0 104.0 144.0 -104.0 32.0 0.0 -112.0 52.0 -16.0 -52.0 -112.0 52.0 176.0 -52.0 32.0 0.0 16.0 52.0 -16.0 -52.0 -112.0 52.0 80.0 -52.0 -112.0 104.0 -96.0 -52.0 256.0 0.0 
chlamydobacteriaceae 64.0 -52.0 96.0 0.0 -256.0 0.0 224.0 52.0 -80.0 -104.0 -80.0 52.0 176.0 -52.0 -80.0 104.0 -160.0 -52.0 96.0 52.0 16.0 -104.0 -64.0 0.0 32.0 0.0 128.0 0.0 -208.0 52.0 96.0 52.0 -48.0 -104.0 -48.0 52.0 48.0 -52.0 
cholecystenterostomy 64.0 -52.0 80.0 -52.0 16.0 52.0 -208.0 -52.0 48.0 104.0 48.0 -104.0 -112.0 52.0 80.0 -52.0 -64.0 0.0 144.0 104.0 -80.0 -104.0 -64.0 0.0 32.0 0.0 160.0 0.0 -208.0 52.0 80.0 -52.0 128.0 0.0 -16.0 104.0 -80.0 -104.0 
cholecystgastrostomy 64.0 -52.0 80.0 -52.0 16.0 52.0 -208.0 -52.0 48.0 104.0 48.0 -104.0 -112.0 52.0 80.0 -52.0 16.0 52.0 -128.0 0.0 32.0 0.0 80.0 -52.0 -32.0 0.0 160.0 0.0 -208.0 52.0 80.0 -52.0 128.0 0.0 -16.0 104.0 -80.0 -104.0 
cholecystnephrostomy 64.0 -52.0 80.0 -52.0 16.0 52.0 -208.0 -52.0 48.0 104.0 48.0 -104.0 -112.0 52.0 80.0 -52.0 80.0 104.0 -144.0 -104.0 224.0 0.0 -112.0 52.0 -80.0 -52.0 160.0 0.0 -208.0 52.0 80.0 -52.0 128.0 0.0 -16.0 104.0 -80.0 -104.0 
chronocinematography 64.0 -52.0 -80.0 -52.0 160.0 0.0 -48.0 104.0 48.0 -104.0 -144.0 104.0 112.0 -104.0 -16.0 104.0 -144.0 -104.0 176.0 104.0 -224.0 -52.0 112.0 -52.0 128.0 0.0 -112.0 52.0 -48.0 -52.0 -80.0 52.0 272.0 -52.0 -112.0 52.0 -16.0 -52.0 
cinephotomicrography 112.0 -104.0 -16.0 104.0 -144.0 -104.0 224.0 0.0 -112.0 52.0 80.0 -52.0 -128.0 0.0 128.0 0.0 -16.0 104.0 -16.0 -104.0 -112.0 104.0 -16.0 -104.0 160.0 0.0 -112.0 52.0 -48.0 -52.0 -80.0 52.0 272.0 -52.0 -112.0 52.0 -16.0 -52.0 
compartmentalization 144.0 -104.0 -16.0 104.0 48.0 -104.0 -272.0 52.0 80.0 -52.0 32.0 0.0 112.0 104.0 -176.0 -104.0 144.0 104.0 -80.0 -104.0 -112.0 52.0 256.0 0.0 -48.0 -52.0 -176.0 104.0 -32.0 -52.0 112.0 -52.0 96.0 0.0 32.0 0.0 -48.0 104.0 
consubstantiationist 144.0 -104.0 -48.0 104.0 -160.0 -52.0 144.0 -52.0 -16.0 104.0 -128.0 -52.0 80.0 -52.0 -112.0 52.0 192.0 52.0 -80.0 -104.0 96.0 0.0 -208.0 52.0 112.0 -52.0 96.0 0.0 32.0 0.0 -48.0 104.0 16.0 -104.0 -176.0 52.0 80.0 -52.0 
counterdemonstration 144.0 -104.0 -64.0 0.0 16.0 104.0 -80.0 -104.0 -64.0 0.0 32.0 0.0 -16.0 52.0 -16.0 -52.0 176.0 104.0 16.0 -104.0 -48.0 104.0 -160.0 -52.0 80.0 -52.0 -32.0 0.0 -80.0 52.0 112.0 -52.0 96.0 0.0 32.0 0.0 -48.0 104.0 
counterdisengagement 144.0 -104.0 -64.0 0.0 16.0 104.0 -80.0 -104.0 -64.0 0.0 32.0 0.0 -16.0 52.0 144.0 -52.0 -176.0 52.0 16.0 -52.0 144.0 104.0 -64.0 -52.0 -128.0 0.0 128.0 0.0 -80.0 -52.0 176.0 104.0 -176.0 -104.0 144.0 104.0 -80.0 -104.0 
counterestablishment 144.0 -104.0 -64.0 0.0 16.0 104.0 -80.0 -104.0 -64.0 0.0 32.0 0.0 -32.0 0.0 -16.0 52.0 80.0 -52.0 -112.0 52.0 160.0 52.0 96.0 -52.0 -48.0 -52.0 -176.0 52.0 128.0 0.0 64.0 52.0 -176.0 -104.0 144.0 104.0 -80.0 -104.0 
counterexpostulation 144.0 -104.0 -64.0 0.0 16.0 104.0 -80.0 -104.0 -64.0 0.0 32.0 0.0 -32.0 0.0 16.0 104.0 208.0 -104.0 -32.0 0.0 -208.0 52.0 80.0 -52.0 64.0 0.0 80.0 52.0 -256.0 0.0 112.0 -52.0 96.0 0.0 32.0 0.0 -48.0 104.0 
counterrevolutionary 144.0 -104.0 -64.0 0.0 16.0 104.0 -80.0 -104.0 -64.0 0.0 32.0 0.0 0.0 0.0 -32.0 0.0 80.0 104.0 112.0 -104.0 16.0 52.0 -80.0 -52.0 -64.0 0.0 96.0 0.0 32.0 0.0 -48.0 104.0 -192.0 -52.0 80.0 -52.0 64.0 0.0 
counterrevolutionist 144.0 -104.0 -64.0 0.0 16.0 104.0 -80.0 -104.0 -64.0 0.0 32.0 0.0 0.0 0.0 -32.0 0.0 80.0 104.0 112.0 -104.0 16.0 52.0 -80.0 -52.0 -64.0 0.0 96.0 0.0 32.0 0.0 -48.0 104.0 16.0 -104.0 -176.0 52.0 80.0 -52.0 
counterrevolutionize 144.0 -104.0 -64.0 0.0 16.0 104.0 -80.0 -104.0 -64.0 0.0 32.0 0.0 0.0 0.0 -32.0 0.0 80.0 104.0 112.0 -104.0 16.0 52.0 -80.0 -52.0 -64.0 0.0 96.0 0.0 32.0 0.0 -48.0 104.0 16.0 -104.0 -176.0 104.0 16.0 -104.0 
crystallographically -16.0 -104.0 64.0 0.0 -112.0 52.0 80.0 -52.0 -112.0 52.0 256.0 0.0 0.0 0.0 -16.0 -52.0 -112.0 52.0 -48.0 -52.0 -80.0 52.0 272.0 -52.0 -112.0 52.0 48.0 -52.0 -112.0 104.0 -96.0 -52.0 256.0 0.0 0.0 0.0 -112.0 -52.0 
decahydronaphthalene -16.0 -52.0 48.0 104.0 -96.0 -52.0 160.0 0.0 -16.0 -52.0 -80.0 52.0 16.0 -52.0 160.0 0.0 -48.0 104.0 -192.0 -52.0 272.0 -52.0 -112.0 52.0 -48.0 -52.0 48.0 52.0 -160.0 0.0 256.0 0.0 -208.0 -52.0 144.0 104.0 -144.0 -104.0 
desoxycorticosterone -16.0 -52.0 -16.0 52.0 208.0 -52.0 -176.0 104.0 80.0 -104.0 -48.0 104.0 144.0 -104.0 -160.0 0.0 32.0 0.0 96.0 0.0 -112.0 104.0 144.0 -104.0 -208.0 52.0 80.0 -52.0 -64.0 0.0 32.0 0.0 160.0 0.0 -48.0 104.0 -144.0 -104.0 
diphenylchloroarsine 144.0 -52.0 64.0 0.0 -112.0 52.0 -112.0 -52.0 144.0 104.0 -48.0 -104.0 112.0 52.0 -160.0 52.0 64.0 -52.0 96.0 0.0 -16.0 -52.0 -160.0 0.0 160.0 0.0 -240.0 52.0 80.0 -52.0 -48.0 52.0 176.0 -52.0 -16.0 104.0 -144.0 -104.0 
diphenylquinomethane 144.0 -52.0 64.0 0.0 -112.0 52.0 -112.0 -52.0 144.0 104.0 -48.0 -104.0 112.0 52.0 -272.0 -52.0 192.0 0.0 32.0 0.0 -16.0 104.0 48.0 -104.0 -16.0 104.0 -176.0 -104.0 64.0 0.0 48.0 52.0 -160.0 0.0 192.0 52.0 -144.0 -104.0 
disdenominationalize 144.0 -52.0 -176.0 52.0 32.0 0.0 -16.0 -52.0 144.0 104.0 48.0 -104.0 -16.0 104.0 -16.0 -104.0 -16.0 104.0 -192.0 -52.0 112.0 -52.0 96.0 0.0 32.0 0.0 -48.0 104.0 -192.0 -52.0 256.0 0.0 -48.0 -52.0 -176.0 104.0 16.0 -104.0 
disproportionateness 144.0 -52.0 -176.0 52.0 240.0 -52.0 -192.0 0.0 160.0 0.0 32.0 0.0 -32.0 0.0 -160.0 0.0 32.0 0.0 96.0 0.0 32.0 0.0 -48.0 104.0 -192.0 -52.0 112.0 -52.0 -64.0 0.0 144.0 104.0 -144.0 -104.0 -16.0 52.0 0.0 0.0 
electrocardiographic 208.0 52.0 -208.0 -52.0 48.0 104.0 16.0 -104.0 -32.0 0.0 160.0 0.0 -144.0 104.0 -96.0 -52.0 80.0 -52.0 -16.0 52.0 144.0 -52.0 32.0 0.0 -112.0 52.0 -48.0 -52.0 -80.0 52.0 272.0 -52.0 -112.0 52.0 48.0 -52.0 -112.0 104.0 
electrocauterization 208.0 52.0 -208.0 -52.0 48.0 104.0 16.0 -104.0 -32.0 0.0 160.0 0.0 -144.0 104.0 -96.0 -52.0 176.0 -52.0 -64.0 0.0 -64.0 0.0 32.0 0.0 128.0 0.0 -176.0 104.0 -32.0 -52.0 112.0 -52.0 96.0 0.0 32.0 0.0 -48.0 104.0 
electrochronographic 208.0 52.0 -208.0 -52.0 48.0 104.0 16.0 -104.0 -32.0 0.0 160.0 0.0 -144.0 104.0 64.0 -52.0 -80.0 -52.0 160.0 0.0 -48.0 104.0 48.0 -104.0 -112.0 52.0 -48.0 -52.0 -80.0 52.0 272.0 -52.0 -112.0 52.0 48.0 -52.0 -112.0 104.0 
electrocontractility 208.0 52.0 -208.0 -52.0 48.0 104.0 16.0 -104.0 -32.0 0.0 160.0 0.0 -144.0 104.0 144.0 -104.0 -48.0 104.0 -80.0 -104.0 -32.0 0.0 -80.0 52.0 96.0 52.0 16.0 -104.0 96.0 0.0 48.0 52.0 -48.0 -52.0 -96.0 0.0 32.0 0.0 
electroencephalogram 208.0 52.0 -208.0 -52.0 48.0 104.0 16.0 -104.0 -32.0 0.0 160.0 0.0 -192.0 0.0 144.0 104.0 -96.0 0.0 -48.0 -104.0 224.0 0.0 -112.0 52.0 -160.0 0.0 256.0 0.0 -16.0 -52.0 -112.0 52.0 -48.0 -52.0 -80.0 52.0 224.0 52.0 
electrometallurgical 208.0 52.0 -208.0 -52.0 48.0 104.0 16.0 -104.0 -32.0 0.0 160.0 0.0 -16.0 104.0 -176.0 -104.0 64.0 0.0 -112.0 52.0 256.0 0.0 0.0 0.0 -80.0 -52.0 -96.0 0.0 48.0 52.0 80.0 -52.0 -112.0 104.0 -96.0 -52.0 256.0 0.0 
electrophysiological 208.0 52.0 -208.0 -52.0 48.0 104.0 16.0 -104.0 -32.0 0.0 160.0 0.0 32.0 0.0 -112.0 52.0 -16.0 -52.0 -112.0 52.0 176.0 -52.0 32.0 0.0 16.0 52.0 -16.0 -52.0 -112.0 52.0 80.0 -52.0 -112.0 104.0 -96.0 -52.0 256.0 0.0 
electropneumatically 208.0 52.0 -208.0 -52.0 48.0 104.0 16.0 -104.0 -32.0 0.0 160.0 0.0 32.0 0.0 -80.0 104.0 -144.0 -104.0 128.0 0.0 48.0 104.0 -224.0 -52.0 112.0 -52.0 96.0 0.0 -112.0 104.0 -96.0 -52.0 256.0 0.0 0.0 0.0 -112.0 -52.0 
electrosynthetically 208.0 52.0 -208.0 -52.0 48.0 104.0 16.0 -104.0 -32.0 0.0 160.0 0.0 -208.0 52.0 112.0 -52.0 48.0 104.0 -80.0 -104.0 48.0 52.0 -112.0 -52.0 64.0 0.0 96.0 0.0 -112.0 104.0 -96.0 -52.0 256.0 0.0 0.0 0.0 -112.0 -52.0 
electrotherapeutical 208.0 52.0 -208.0 -52.0 48.0 104.0 16.0 -104.0 -32.0 0.0 160.0 0.0 -128.0 0.0 48.0 52.0 -112.0 -52.0 32.0 0.0 -80.0 52.0 272.0 -52.0 -224.0 0.0 128.0 0.0 -64.0 0.0 96.0 0.0 -112.0 104.0 -96.0 -52.0 256.0 0.0 
encephalomeningocele 144.0 104.0 -96.0 0.0 -48.0 -104.0 224.0 0.0 -112.0 52.0 -160.0 0.0 256.0 0.0 -16.0 -52.0 -16.0 104.0 -176.0 -104.0 144.0 104.0 16.0 -104.0 -16.0 104.0 -64.0 -52.0 112.0 -52.0 -144.0 104.0 -48.0 -104.0 208.0 52.0 -208.0 -52.0 
epididymodeferential 224.0 0.0 -64.0 0.0 -144.0 52.0 144.0 -52.0 -144.0 52.0 80.0 -52.0 80.0 104.0 16.0 -104.0 -176.0 52.0 -16.0 -52.0 48.0 52.0 -48.0 -52.0 32.0 0.0 -32.0 0.0 144.0 104.0 -80.0 -104.0 96.0 0.0 -208.0 52.0 256.0 0.0 
galvanocauterization -128.0 0.0 256.0 0.0 -128.0 52.0 -128.0 -52.0 192.0 52.0 48.0 -104.0 -144.0 104.0 -96.0 -52.0 176.0 -52.0 -64.0 0.0 -64.0 0.0 32.0 0.0 128.0 0.0 -176.0 104.0 -32.0 -52.0 112.0 -52.0 96.0 0.0 32.0 0.0 -48.0 104.0 
galvanocontractility -128.0 0.0 256.0 0.0 -128.0 52.0 -128.0 -52.0 192.0 52.0 48.0 -104.0 -144.0 104.0 144.0 -104.0 -48.0 104.0 -80.0 -104.0 -32.0 0.0 -80.0 52.0 96.0 52.0 16.0 -104.0 96.0 0.0 48.0 52.0 -48.0 -52.0 -96.0 0.0 32.0 0.0 
gastrohysterorrhaphy -128.0 0.0 32.0 0.0 80.0 -52.0 -32.0 0.0 160.0 0.0 -80.0 52.0 -16.0 -52.0 -112.0 52.0 80.0 -52.0 -64.0 0.0 32.0 0.0 160.0 0.0 -160.0 0.0 0.0 0.0 80.0 52.0 -160.0 0.0 272.0 -52.0 -112.0 52.0 -16.0 -52.0 
glossolabiolaryngeal 128.0 0.0 -16.0 -52.0 -208.0 52.0 0.0 0.0 208.0 -52.0 16.0 52.0 -256.0 0.0 160.0 52.0 48.0 -104.0 32.0 0.0 16.0 52.0 -256.0 0.0 80.0 -52.0 64.0 0.0 48.0 104.0 -64.0 -52.0 -80.0 -52.0 -48.0 52.0 256.0 0.0 
hepaticoduodenostomy -112.0 -52.0 224.0 0.0 -272.0 52.0 112.0 -52.0 96.0 0.0 -112.0 104.0 144.0 -104.0 -176.0 52.0 112.0 -52.0 64.0 0.0 -176.0 52.0 -16.0 -52.0 144.0 104.0 48.0 -104.0 -208.0 52.0 80.0 -52.0 128.0 0.0 -16.0 104.0 -80.0 -104.0 
heterochromatization -112.0 -52.0 64.0 0.0 -64.0 0.0 32.0 0.0 160.0 0.0 -144.0 104.0 64.0 -52.0 -80.0 -52.0 160.0 0.0 -16.0 104.0 -224.0 -52.0 112.0 -52.0 96.0 0.0 -176.0 104.0 -32.0 -52.0 112.0 -52.0 96.0 0.0 32.0 0.0 -48.0 104.0 
hexosemonophosphoric -112.0 -52.0 16.0 104.0 176.0 -104.0 -208.0 52.0 16.0 -52.0 176.0 104.0 16.0 -104.0 -48.0 104.0 48.0 -104.0 32.0 0.0 -112.0 52.0 80.0 -52.0 -208.0 52.0 240.0 -52.0 -112.0 52.0 80.0 -52.0 -160.0 0.0 128.0 0.0 -112.0 104.0 
histomorphologically 48.0 -52.0 -176.0 52.0 80.0 -52.0 128.0 0.0 -16.0 104.0 16.0 -104.0 -160.0 0.0 192.0 0.0 -112.0 52.0 80.0 -52.0 16.0 52.0 -16.0 -52.0 -112.0 52.0 80.0 -52.0 -112.0 104.0 -96.0 -52.0 256.0 0.0 0.0 0.0 -112.0 -52.0 
homeotransplantation 80.0 -52.0 -16.0 104.0 -176.0 -104.0 192.0 0.0 -128.0 0.0 -32.0 0.0 -80.0 52.0 192.0 52.0 -160.0 -52.0 240.0 -52.0 -16.0 52.0 -256.0 0.0 192.0 52.0 -80.0 -104.0 -112.0 52.0 112.0 -52.0 96.0 0.0 32.0 0.0 -48.0 104.0 
hydrometallurgically -16.0 -52.0 -80.0 52.0 16.0 -52.0 160.0 0.0 -16.0 104.0 -176.0 -104.0 64.0 0.0 -112.0 52.0 256.0 0.0 0.0 0.0 -80.0 -52.0 -96.0 0.0 48.0 52.0 80.0 -52.0 -112.0 104.0 -96.0 -52.0 256.0 0.0 0.0 0.0 -112.0 -52.0 
hydroxyanthraquinone -16.0 -52.0 -80.0 52.0 16.0 -52.0 160.0 0.0 -176.0 104.0 80.0 -104.0 -144.0 52.0 192.0 52.0 -80.0 -104.0 48.0 52.0 -80.0 -52.0 -80.0 52.0 -16.0 -52.0 192.0 0.0 32.0 0.0 -16.0 104.0 48.0 -104.0 -48.0 104.0 -144.0 -104.0 
hypercholesterinemia -16.0 -52.0 128.0 0.0 -224.0 0.0 32.0 0.0 16.0 104.0 64.0 -52.0 80.0 -52.0 16.0 52.0 -208.0 -52.0 -16.0 52.0 80.0 -52.0 -64.0 0.0 32.0 0.0 128.0 0.0 -16.0 104.0 -144.0 -104.0 176.0 104.0 -16.0 -104.0 -208.0 52.0 
hypercholesterolemia -16.0 -52.0 128.0 0.0 -224.0 0.0 32.0 0.0 16.0 104.0 64.0 -52.0 80.0 -52.0 16.0 52.0 -208.0 -52.0 -16.0 52.0 80.0 -52.0 -64.0 0.0 32.0 0.0 160.0 0.0 16.0 52.0 -208.0 -52.0 176.0 104.0 -16.0 -104.0 -208.0 52.0 
hyperdolichocephalic -16.0 -52.0 128.0 0.0 -224.0 0.0 32.0 0.0 -16.0 52.0 176.0 -52.0 16.0 52.0 -48.0 -52.0 -112.0 104.0 64.0 -52.0 80.0 -52.0 -144.0 104.0 -48.0 -104.0 224.0 0.0 -112.0 52.0 -160.0 0.0 256.0 0.0 -48.0 -52.0 -112.0 104.0 
hyperphosphorescence -16.0 -52.0 128.0 0.0 -224.0 0.0 32.0 0.0 192.0 0.0 -112.0 52.0 80.0 -52.0 -208.0 52.0 240.0 -52.0 -112.0 52.0 80.0 -52.0 -160.0 0.0 -32.0 0.0 -16.0 52.0 64.0 52.0 -48.0 -104.0 144.0 104.0 -96.0 0.0 -48.0 -104.0 
hypsibrachycephalism -16.0 -52.0 128.0 0.0 -240.0 52.0 176.0 -52.0 -48.0 104.0 -80.0 -104.0 -80.0 52.0 96.0 52.0 64.0 -52.0 -16.0 -52.0 -48.0 104.0 -48.0 -104.0 224.0 0.0 -112.0 52.0 -160.0 0.0 256.0 0.0 -48.0 -52.0 -176.0 52.0 192.0 52.0 
hypsidolichocephalic -16.0 -52.0 128.0 0.0 -240.0 52.0 176.0 -52.0 -144.0 52.0 176.0 -52.0 16.0 52.0 -48.0 -52.0 -112.0 104.0 64.0 -52.0 80.0 -52.0 -144.0 104.0 -48.0 -104.0 224.0 0.0 -112.0 52.0 -160.0 0.0 256.0 0.0 -48.0 -52.0 -112.0 104.0 
incomprehensibleness -16.0 104.0 -96.0 0.0 144.0 -104.0 -16.0 104.0 48.0 -104.0 -192.0 0.0 -32.0 0.0 112.0 52.0 -112.0 -52.0 144.0 104.0 -160.0 -52.0 176.0 -52.0 -48.0 104.0 96.0 -52.0 -208.0 -52.0 144.0 104.0 -144.0 -104.0 -16.0 52.0 0.0 0.0 
incontrovertibleness -16.0 104.0 -96.0 0.0 144.0 -104.0 -48.0 104.0 -80.0 -104.0 -32.0 0.0 160.0 0.0 -112.0 104.0 -80.0 -104.0 32.0 0.0 32.0 0.0 96.0 0.0 -48.0 104.0 96.0 -52.0 -208.0 -52.0 144.0 104.0 -144.0 -104.0 -16.0 52.0 0.0 0.0 
indigotindisulphonic -16.0 104.0 -128.0 -52.0 144.0 -52.0 -80.0 52.0 112.0 -52.0 -128.0 0.0 96.0 0.0 -16.0 104.0 -128.0 -52.0 144.0 -52.0 -176.0 52.0 144.0 -52.0 80.0 52.0 16.0 -52.0 -112.0 52.0 80.0 -52.0 -48.0 104.0 16.0 -104.0 -112.0 104.0 
indistinguishability -16.0 104.0 -128.0 -52.0 144.0 -52.0 -176.0 52.0 80.0 -52.0 96.0 0.0 -16.0 104.0 -64.0 -52.0 48.0 -52.0 32.0 0.0 -176.0 52.0 128.0 0.0 -160.0 0.0 160.0 52.0 48.0 -104.0 48.0 52.0 -48.0 -52.0 -96.0 0.0 32.0 0.0 
institutionalization -16.0 104.0 -160.0 -52.0 80.0 -52.0 96.0 0.0 -96.0 0.0 64.0 0.0 -64.0 0.0 96.0 0.0 32.0 0.0 -48.0 104.0 -192.0 -52.0 256.0 0.0 -48.0 -52.0 -176.0 104.0 -32.0 -52.0 112.0 -52.0 96.0 0.0 32.0 0.0 -48.0 104.0 
intercommunicability -16.0 104.0 -80.0 -104.0 -64.0 0.0 32.0 0.0 16.0 104.0 144.0 -104.0 -16.0 104.0 0.0 0.0 -48.0 -104.0 16.0 104.0 16.0 -104.0 -112.0 104.0 -96.0 -52.0 160.0 52.0 48.0 -104.0 48.0 52.0 -48.0 -52.0 -96.0 0.0 32.0 0.0 
intercrystallization -16.0 104.0 -80.0 -104.0 -64.0 0.0 32.0 0.0 16.0 104.0 -16.0 -104.0 64.0 0.0 -112.0 52.0 80.0 -52.0 -112.0 52.0 256.0 0.0 0.0 0.0 -48.0 -52.0 -176.0 104.0 -32.0 -52.0 112.0 -52.0 96.0 0.0 32.0 0.0 -48.0 104.0 
interdestructiveness -16.0 104.0 -80.0 -104.0 -64.0 0.0 32.0 0.0 -16.0 52.0 -16.0 -52.0 -16.0 52.0 80.0 -52.0 -32.0 0.0 96.0 0.0 -80.0 104.0 16.0 -104.0 96.0 0.0 -80.0 104.0 -80.0 -104.0 144.0 104.0 -144.0 -104.0 -16.0 52.0 0.0 0.0 
interdifferentiation -16.0 104.0 -80.0 -104.0 -64.0 0.0 32.0 0.0 -16.0 52.0 144.0 -52.0 -112.0 52.0 0.0 0.0 -48.0 -52.0 32.0 0.0 -32.0 0.0 144.0 104.0 -80.0 -104.0 96.0 0.0 -208.0 52.0 112.0 -52.0 96.0 0.0 32.0 0.0 -48.0 104.0 
internationalization -16.0 104.0 -80.0 -104.0 -64.0 0.0 32.0 0.0 112.0 104.0 -192.0 -52.0 112.0 -52.0 96.0 0.0 32.0 0.0 -48.0 104.0 -192.0 -52.0 256.0 0.0 -48.0 -52.0 -176.0 104.0 -32.0 -52.0 112.0 -52.0 96.0 0.0 32.0 0.0 -48.0 104.0 
interparenthetically -16.0 104.0 -80.0 -104.0 -64.0 0.0 32.0 0.0 192.0 0.0 -272.0 52.0 80.0 -52.0 -32.0 0.0 144.0 104.0 -80.0 -104.0 48.0 52.0 -112.0 -52.0 64.0 0.0 96.0 0.0 -112.0 104.0 -96.0 -52.0 256.0 0.0 0.0 0.0 -112.0 -52.0 
keratoconjunctivitis -176.0 -52.0 32.0 0.0 -80.0 52.0 112.0 -52.0 128.0 0.0 -144.0 104.0 144.0 -104.0 -48.0 104.0 0.0 -52.0 -16.0 -52.0 16.0 104.0 -96.0 0.0 16.0 -104.0 96.0 0.0 -80.0 104.0 80.0 -104.0 -96.0 0.0 96.0 0.0 -176.0 52.0 
labioglossolaryngeal -256.0 0.0 160.0 52.0 48.0 -104.0 32.0 0.0 -112.0 52.0 128.0 0.0 -16.0 -52.0 -208.0 52.0 0.0 0.0 208.0 -52.0 16.0 52.0 -256.0 0.0 80.0 -52.0 64.0 0.0 48.0 104.0 -64.0 -52.0 -80.0 -52.0 -48.0 52.0 256.0 0.0 
labyrinthibranchiate -256.0 0.0 160.0 52.0 -16.0 -104.0 -64.0 0.0 128.0 0.0 -16.0 104.0 -80.0 -104.0 48.0 52.0 48.0 -52.0 -48.0 104.0 -80.0 -104.0 -80.0 52.0 192.0 52.0 -96.0 0.0 64.0 -52.0 48.0 -52.0 -208.0 52.0 112.0 -52.0 -64.0 0.0 
laparocholecystotomy -256.0 0.0 272.0 -52.0 -272.0 52.0 80.0 -52.0 160.0 0.0 -144.0 104.0 64.0 -52.0 80.0 -52.0 16.0 52.0 -208.0 -52.0 48.0 104.0 48.0 -104.0 -112.0 52.0 80.0 -52.0 128.0 0.0 -128.0 0.0 128.0 0.0 -16.0 104.0 -80.0 -104.0 
lithochromatographic -48.0 -52.0 -96.0 0.0 48.0 52.0 80.0 -52.0 -144.0 104.0 64.0 -52.0 -80.0 -52.0 160.0 0.0 -16.0 104.0 -224.0 -52.0 112.0 -52.0 128.0 0.0 -112.0 52.0 -48.0 -52.0 -80.0 52.0 272.0 -52.0 -112.0 52.0 48.0 -52.0 -112.0 104.0 
mechanicocorpuscular -176.0 -104.0 48.0 104.0 64.0 -52.0 -160.0 0.0 192.0 52.0 16.0 -104.0 -112.0 104.0 144.0 -104.0 -144.0 104.0 144.0 -104.0 -160.0 0.0 192.0 0.0 -96.0 0.0 -144.0 52.0 64.0 52.0 80.0 -104.0 80.0 52.0 -256.0 0.0 80.0 -52.0 
mediterraneanization -176.0 -104.0 16.0 52.0 144.0 -52.0 -96.0 0.0 -64.0 0.0 32.0 0.0 0.0 0.0 -80.0 52.0 192.0 52.0 -144.0 -104.0 -48.0 52.0 192.0 52.0 16.0 -104.0 -176.0 104.0 -32.0 -52.0 112.0 -52.0 96.0 0.0 32.0 0.0 -48.0 104.0 
meningoencephalocele -176.0 -104.0 144.0 104.0 16.0 -104.0 -16.0 104.0 -64.0 -52.0 112.0 -52.0 -192.0 0.0 144.0 104.0 -96.0 0.0 -48.0 -104.0 224.0 0.0 -112.0 52.0 -160.0 0.0 256.0 0.0 -16.0 -52.0 -144.0 104.0 -48.0 -104.0 208.0 52.0 -208.0 -52.0 
metaphenylenediamine -176.0 -104.0 64.0 0.0 -112.0 52.0 272.0 -52.0 -112.0 52.0 -112.0 -52.0 144.0 104.0 -48.0 -104.0 112.0 52.0 -208.0 -52.0 144.0 104.0 -144.0 -104.0 16.0 52.0 144.0 -52.0 -208.0 52.0 224.0 52.0 -16.0 -104.0 -16.0 104.0 -144.0 -104.0 
microcinematographic -16.0 -104.0 -112.0 104.0 -16.0 -104.0 160.0 0.0 -144.0 104.0 112.0 -104.0 -16.0 104.0 -144.0 -104.0 176.0 104.0 -224.0 -52.0 112.0 -52.0 128.0 0.0 -112.0 52.0 -48.0 -52.0 -80.0 52.0 272.0 -52.0 -112.0 52.0 48.0 -52.0 -112.0 104.0 
microcrystallography -16.0 -104.0 -112.0 104.0 -16.0 -104.0 160.0 0.0 -144.0 104.0 -16.0 -104.0 64.0 0.0 -112.0 52.0 80.0 -52.0 -112.0 52.0 256.0 0.0 0.0 0.0 -16.0 -52.0 -112.0 52.0 -48.0 -52.0 -80.0 52.0 272.0 -52.0 -112.0 52.0 -16.0 -52.0 
monobromoacetanilide 16.0 -104.0 -48.0 104.0 48.0 -104.0 -80.0 104.0 -80.0 -104.0 160.0 0.0 -16.0 104.0 16.0 -104.0 -240.0 52.0 96.0 52.0 -48.0 -104.0 64.0 0.0 -112.0 52.0 192.0 52.0 16.0 -104.0 48.0 52.0 -48.0 -52.0 -144.0 52.0 -16.0 -52.0 
naphthalenesulphonic -192.0 -52.0 272.0 -52.0 -112.0 52.0 -48.0 -52.0 48.0 52.0 -160.0 0.0 256.0 0.0 -208.0 -52.0 144.0 104.0 -144.0 -104.0 -16.0 52.0 144.0 -52.0 80.0 52.0 16.0 -52.0 -112.0 52.0 80.0 -52.0 -48.0 104.0 16.0 -104.0 -112.0 104.0 
neurochorioretinitis -144.0 -104.0 128.0 0.0 -96.0 0.0 160.0 0.0 -144.0 104.0 64.0 -52.0 80.0 -52.0 -160.0 0.0 128.0 0.0 32.0 0.0 -160.0 0.0 -32.0 0.0 64.0 0.0 96.0 0.0 -16.0 104.0 16.0 -104.0 -96.0 0.0 96.0 0.0 -176.0 52.0 
nondenominationalism 48.0 -104.0 -48.0 104.0 -128.0 -52.0 -16.0 -52.0 144.0 104.0 48.0 -104.0 -16.0 104.0 -16.0 -104.0 -16.0 104.0 -192.0 -52.0 112.0 -52.0 96.0 0.0 32.0 0.0 -48.0 104.0 -192.0 -52.0 256.0 0.0 -48.0 -52.0 -176.0 52.0 192.0 52.0 
noninterventionalist 48.0 -104.0 -48.0 104.0 16.0 -104.0 -16.0 104.0 -80.0 -104.0 -64.0 0.0 32.0 0.0 48.0 104.0 -80.0 -104.0 144.0 104.0 -80.0 -104.0 96.0 0.0 32.0 0.0 -48.0 104.0 -192.0 -52.0 256.0 0.0 -48.0 -52.0 -176.0 52.0 80.0 -52.0 
oophorosalpingectomy 0.0 0.0 32.0 0.0 -112.0 52.0 80.0 -52.0 -160.0 0.0 160.0 0.0 -208.0 52.0 -32.0 0.0 256.0 0.0 16.0 -52.0 -64.0 0.0 -16.0 104.0 -64.0 -52.0 -80.0 -52.0 48.0 104.0 16.0 -104.0 128.0 0.0 -16.0 104.0 -80.0 -104.0 
ophthalmoblennorrhea 32.0 0.0 -112.0 52.0 -48.0 -52.0 48.0 52.0 -160.0 0.0 256.0 0.0 -32.0 52.0 16.0 -104.0 -80.0 104.0 96.0 -52.0 -208.0 -52.0 144.0 104.0 0.0 0.0 48.0 -104.0 -160.0 0.0 0.0 0.0 80.0 52.0 -112.0 -52.0 -48.0 52.0 
ophthalmodiastimeter 32.0 0.0 -112.0 52.0 -48.0 -52.0 48.0 52.0 -160.0 0.0 256.0 0.0 -32.0 52.0 16.0 -104.0 -176.0 52.0 144.0 -52.0 -208.0 52.0 32.0 0.0 80.0 -52.0 96.0 0.0 16.0 104.0 -176.0 -104.0 64.0 0.0 -64.0 0.0 32.0 0.0 
ophthalmodynamometer 32.0 0.0 -112.0 52.0 -48.0 -52.0 48.0 52.0 -160.0 0.0 256.0 0.0 -32.0 52.0 16.0 -104.0 -176.0 52.0 80.0 -52.0 48.0 104.0 -192.0 -52.0 224.0 52.0 16.0 -104.0 -16.0 104.0 -176.0 -104.0 64.0 0.0 -64.0 0.0 32.0 0.0 
ophthalmothermometer 32.0 0.0 -112.0 52.0 -48.0 -52.0 48.0 52.0 -160.0 0.0 256.0 0.0 -32.0 52.0 16.0 -104.0 -128.0 0.0 48.0 52.0 -112.0 -52.0 32.0 0.0 144.0 104.0 16.0 -104.0 -16.0 104.0 -176.0 -104.0 64.0 0.0 -64.0 0.0 32.0 0.0 
orbiculatoelliptical -160.0 0.0 80.0 104.0 48.0 -104.0 -112.0 104.0 80.0 -104.0 80.0 52.0 -256.0 0.0 112.0 -52.0 128.0 0.0 -192.0 0.0 208.0 52.0 0.0 0.0 -48.0 -52.0 64.0 0.0 -160.0 0.0 96.0 0.0 -112.0 104.0 -96.0 -52.0 256.0 0.0 
orthodolichocephalic -160.0 0.0 32.0 0.0 48.0 52.0 80.0 -52.0 -176.0 52.0 176.0 -52.0 16.0 52.0 -48.0 -52.0 -112.0 104.0 64.0 -52.0 80.0 -52.0 -144.0 104.0 -48.0 -104.0 224.0 0.0 -112.0 52.0 -160.0 0.0 256.0 0.0 -48.0 -52.0 -112.0 104.0 
otorhinolaryngologic -128.0 0.0 128.0 0.0 -160.0 0.0 80.0 52.0 48.0 -52.0 -16.0 104.0 48.0 -104.0 16.0 52.0 -256.0 0.0 80.0 -52.0 64.0 0.0 48.0 104.0 -64.0 -52.0 112.0 -52.0 16.0 52.0 -16.0 -52.0 -112.0 52.0 80.0 -52.0 -112.0 104.0 
palaeoanthropography -272.0 52.0 256.0 0.0 -256.0 0.0 48.0 -52.0 192.0 0.0 -240.0 52.0 192.0 52.0 -80.0 -104.0 48.0 52.0 -80.0 -52.0 160.0 0.0 32.0 0.0 -32.0 0.0 -112.0 52.0 -48.0 -52.0 -80.0 52.0 272.0 -52.0 -112.0 52.0 -16.0 -52.0 
palaeometeorological -272.0 52.0 256.0 0.0 -256.0 0.0 48.0 -52.0 192.0 0.0 -16.0 104.0 -176.0 -104.0 64.0 0.0 -64.0 0.0 192.0 0.0 -160.0 0.0 160.0 0.0 16.0 52.0 -16.0 -52.0 -112.0 52.0 80.0 -52.0 -112.0 104.0 -96.0 -52.0 256.0 0.0 
paleoanthropological -272.0 52.0 256.0 0.0 -208.0 -52.0 192.0 0.0 -240.0 52.0 192.0 52.0 -80.0 -104.0 48.0 52.0 -80.0 -52.0 160.0 0.0 32.0 0.0 -32.0 0.0 16.0 52.0 -16.0 -52.0 -112.0 52.0 80.0 -52.0 -112.0 104.0 -96.0 -52.0 256.0 0.0 
paleodendrologically -272.0 52.0 256.0 0.0 -208.0 -52.0 192.0 0.0 -176.0 52.0 -16.0 -52.0 144.0 104.0 -128.0 -52.0 16.0 -52.0 160.0 0.0 16.0 52.0 -16.0 -52.0 -112.0 52.0 80.0 -52.0 -112.0 104.0 -96.0 -52.0 256.0 0.0 0.0 0.0 -112.0 -52.0 
pancreatoenterostomy -272.0 52.0 192.0 52.0 -96.0 0.0 -16.0 -104.0 -32.0 0.0 -48.0 52.0 112.0 -52.0 128.0 0.0 -192.0 0.0 144.0 104.0 -80.0 -104.0 -64.0 0.0 32.0 0.0 160.0 0.0 -208.0 52.0 80.0 -52.0 128.0 0.0 -16.0 104.0 -80.0 -104.0 
parallelogrammatical -272.0 52.0 80.0 -52.0 -80.0 52.0 256.0 0.0 0.0 0.0 -208.0 -52.0 208.0 52.0 -16.0 -52.0 -112.0 52.0 -48.0 -52.0 -80.0 52.0 224.0 52.0 0.0 0.0 -224.0 -52.0 112.0 -52.0 96.0 0.0 -112.0 104.0 -96.0 -52.0 256.0 0.0 
paraphenylenediamine -272.0 52.0 80.0 -52.0 -80.0 52.0 272.0 -52.0 -112.0 52.0 -112.0 -52.0 144.0 104.0 -48.0 -104.0 112.0 52.0 -208.0 -52.0 144.0 104.0 -144.0 -104.0 16.0 52.0 144.0 -52.0 -208.0 52.0 224.0 52.0 -16.0 -104.0 -16.0 104.0 -144.0 -104.0 
pectinatodenticulate -224.0 0.0 48.0 104.0 16.0 -104.0 96.0 0.0 -16.0 104.0 -192.0 -52.0 112.0 -52.0 128.0 0.0 -176.0 52.0 -16.0 -52.0 144.0 104.0 -80.0 -104.0 96.0 0.0 -112.0 104.0 80.0 -104.0 80.0 52.0 -256.0 0.0 112.0 -52.0 -64.0 0.0 
peritoneopericardial -224.0 0.0 32.0 0.0 128.0 0.0 -96.0 0.0 128.0 0.0 -48.0 104.0 -144.0 -104.0 192.0 0.0 32.0 0.0 -224.0 0.0 32.0 0.0 128.0 0.0 -112.0 104.0 -96.0 -52.0 80.0 -52.0 -16.0 52.0 144.0 -52.0 -208.0 52.0 256.0 0.0 
philodestructiveness -112.0 52.0 48.0 -52.0 48.0 52.0 -16.0 -52.0 -176.0 52.0 -16.0 -52.0 -16.0 52.0 80.0 -52.0 -32.0 0.0 96.0 0.0 -80.0 104.0 16.0 -104.0 96.0 0.0 -80.0 104.0 -80.0 -104.0 144.0 104.0 -144.0 -104.0 -16.0 52.0 0.0 0.0 
philoprogenitiveness -112.0 52.0 48.0 -52.0 48.0 52.0 -16.0 -52.0 32.0 0.0 -192.0 0.0 160.0 0.0 -112.0 52.0 -80.0 -52.0 144.0 104.0 16.0 -104.0 -96.0 0.0 96.0 0.0 -80.0 104.0 -80.0 -104.0 144.0 104.0 -144.0 -104.0 -16.0 52.0 0.0 0.0 
philosophicojuristic -112.0 52.0 48.0 -52.0 48.0 52.0 -16.0 -52.0 -208.0 52.0 208.0 -52.0 32.0 0.0 -112.0 52.0 48.0 -52.0 -112.0 104.0 144.0 -104.0 -48.0 52.0 -16.0 -52.0 -96.0 0.0 128.0 0.0 -176.0 52.0 80.0 -52.0 96.0 0.0 -112.0 104.0 
phlebarteriodialysis -112.0 52.0 96.0 0.0 -208.0 -52.0 112.0 104.0 -160.0 -52.0 80.0 -52.0 32.0 0.0 -64.0 0.0 32.0 0.0 128.0 0.0 32.0 0.0 -176.0 52.0 144.0 -52.0 -208.0 52.0 256.0 0.0 -112.0 -52.0 -112.0 52.0 176.0 -52.0 -176.0 52.0 
phoneticogrammatical -112.0 52.0 80.0 -52.0 -48.0 104.0 -144.0 -104.0 64.0 0.0 96.0 0.0 -112.0 104.0 144.0 -104.0 -112.0 52.0 -48.0 -52.0 -80.0 52.0 224.0 52.0 0.0 0.0 -224.0 -52.0 112.0 -52.0 96.0 0.0 -112.0 104.0 -96.0 -52.0 256.0 0.0 
photochronographical -112.0 52.0 80.0 -52.0 -128.0 0.0 128.0 0.0 -144.0 104.0 64.0 -52.0 -80.0 -52.0 160.0 0.0 -48.0 104.0 48.0 -104.0 -112.0 52.0 -48.0 -52.0 -80.0 52.0 272.0 -52.0 -112.0 52.0 48.0 -52.0 -112.0 104.0 -96.0 -52.0 256.0 0.0 
photospectroscopical -112.0 52.0 80.0 -52.0 -128.0 0.0 128.0 0.0 -208.0 52.0 240.0 -52.0 -224.0 0.0 48.0 104.0 16.0 -104.0 -32.0 0.0 160.0 0.0 -208.0 52.0 64.0 52.0 144.0 -104.0 32.0 0.0 -64.0 0.0 -112.0 104.0 -96.0 -52.0 256.0 0.0 
phototelegraphically -112.0 52.0 80.0 -52.0 -128.0 0.0 128.0 0.0 -128.0 0.0 -64.0 0.0 208.0 52.0 -208.0 -52.0 80.0 52.0 -48.0 -52.0 -80.0 52.0 272.0 -52.0 -112.0 52.0 48.0 -52.0 -112.0 104.0 -96.0 -52.0 256.0 0.0 0.0 0.0 -112.0 -52.0 
physicophilosophical -112.0 52.0 -16.0 -52.0 -112.0 52.0 176.0 -52.0 -112.0 104.0 144.0 -104.0 32.0 0.0 -112.0 52.0 48.0 -52.0 48.0 52.0 -16.0 -52.0 -208.0 52.0 208.0 -52.0 32.0 0.0 -112.0 52.0 48.0 -52.0 -112.0 104.0 -96.0 -52.0 256.0 0.0 
physicophysiological -112.0 52.0 -16.0 -52.0 -112.0 52.0 176.0 -52.0 -112.0 104.0 144.0 -104.0 32.0 0.0 -112.0 52.0 -16.0 -52.0 -112.0 52.0 176.0 -52.0 32.0 0.0 16.0 52.0 -16.0 -52.0 -112.0 52.0 80.0 -52.0 -112.0 104.0 -96.0 -52.0 256.0 0.0 
physiologicoanatomic -112.0 52.0 -16.0 -52.0 -112.0 52.0 176.0 -52.0 32.0 0.0 16.0 52.0 -16.0 -52.0 -112.0 52.0 80.0 -52.0 -112.0 104.0 144.0 -104.0 -240.0 52.0 192.0 52.0 -192.0 -52.0 112.0 -52.0 128.0 0.0 -16.0 104.0 -16.0 -104.0 -112.0 104.0 
phytopaleontological -112.0 52.0 -16.0 -52.0 -32.0 0.0 128.0 0.0 32.0 0.0 -272.0 52.0 256.0 0.0 -208.0 -52.0 192.0 0.0 -48.0 104.0 -80.0 -104.0 128.0 0.0 16.0 52.0 -16.0 -52.0 -112.0 52.0 80.0 -52.0 -112.0 104.0 -96.0 -52.0 256.0 0.0 
piezocrystallization -64.0 0.0 -160.0 0.0 -16.0 104.0 208.0 -104.0 -144.0 104.0 -16.0 -104.0 64.0 0.0 -112.0 52.0 80.0 -52.0 -112.0 52.0 256.0 0.0 0.0 0.0 -48.0 -52.0 -176.0 104.0 -32.0 -52.0 112.0 -52.0 96.0 0.0 32.0 0.0 -48.0 104.0 
platybrachycephalous -16.0 52.0 -256.0 0.0 112.0 -52.0 32.0 0.0 16.0 104.0 -80.0 -104.0 -80.0 52.0 96.0 52.0 64.0 -52.0 -16.0 -52.0 -48.0 104.0 -48.0 -104.0 224.0 0.0 -112.0 52.0 -160.0 0.0 256.0 0.0 -16.0 -52.0 -64.0 0.0 -144.0 52.0 
platydolichocephalic -16.0 52.0 -256.0 0.0 112.0 -52.0 32.0 0.0 -80.0 52.0 176.0 -52.0 16.0 52.0 -48.0 -52.0 -112.0 104.0 64.0 -52.0 80.0 -52.0 -144.0 104.0 -48.0 -104.0 224.0 0.0 -112.0 52.0 -160.0 0.0 256.0 0.0 -48.0 -52.0 -112.0 104.0 
plethysmographically -16.0 52.0 -208.0 -52.0 64.0 0.0 48.0 52.0 -16.0 -52.0 -112.0 52.0 192.0 52.0 16.0 -104.0 -112.0 52.0 -48.0 -52.0 -80.0 52.0 272.0 -52.0 -112.0 52.0 48.0 -52.0 -112.0 104.0 -96.0 -52.0 256.0 0.0 0.0 0.0 -112.0 -52.0 
pneumatotherapeutics -80.0 104.0 -144.0 -104.0 128.0 0.0 48.0 104.0 -224.0 -52.0 112.0 -52.0 128.0 0.0 -128.0 0.0 48.0 52.0 -112.0 -52.0 32.0 0.0 -80.0 52.0 272.0 -52.0 -224.0 0.0 128.0 0.0 -64.0 0.0 96.0 0.0 -112.0 104.0 -64.0 -52.0 
predisadvantageously -192.0 0.0 -32.0 0.0 16.0 52.0 144.0 -52.0 -176.0 52.0 -32.0 0.0 64.0 0.0 64.0 52.0 -128.0 -52.0 192.0 52.0 -80.0 -104.0 -112.0 52.0 128.0 0.0 -80.0 -52.0 192.0 0.0 -64.0 0.0 -144.0 52.0 224.0 0.0 -112.0 -52.0 
premisrepresentation -192.0 0.0 -32.0 0.0 176.0 104.0 -16.0 -104.0 -176.0 52.0 48.0 -52.0 -32.0 0.0 224.0 0.0 -192.0 0.0 -32.0 0.0 -16.0 52.0 16.0 -52.0 144.0 104.0 -80.0 -104.0 -112.0 52.0 112.0 -52.0 96.0 0.0 32.0 0.0 -48.0 104.0 
preterdiplomatically -192.0 0.0 -32.0 0.0 64.0 0.0 -64.0 0.0 32.0 0.0 -16.0 52.0 144.0 -52.0 64.0 0.0 -16.0 52.0 -16.0 -52.0 -16.0 104.0 -224.0 -52.0 112.0 -52.0 96.0 0.0 -112.0 104.0 -96.0 -52.0 256.0 0.0 0.0 0.0 -112.0 -52.0 
proconstitutionalism -192.0 0.0 160.0 0.0 -144.0 104.0 144.0 -104.0 -48.0 104.0 -160.0 -52.0 80.0 -52.0 96.0 0.0 -96.0 0.0 64.0 0.0 -64.0 0.0 96.0 0.0 32.0 0.0 -48.0 104.0 -192.0 -52.0 256.0 0.0 -48.0 -52.0 -176.0 52.0 192.0 52.0 
protobasidiomycetous -192.0 0.0 160.0 0.0 -128.0 0.0 128.0 0.0 -80.0 104.0 -160.0 -52.0 32.0 0.0 176.0 -52.0 -144.0 52.0 144.0 -52.0 32.0 0.0 -16.0 104.0 -80.0 -104.0 -48.0 104.0 -48.0 -104.0 64.0 0.0 128.0 0.0 -64.0 0.0 -144.0 52.0 
protocatechualdehyde -192.0 0.0 160.0 0.0 -128.0 0.0 128.0 0.0 -144.0 104.0 -96.0 -52.0 112.0 -52.0 -64.0 0.0 48.0 104.0 64.0 -52.0 16.0 -52.0 -176.0 52.0 256.0 0.0 -192.0 0.0 -16.0 -52.0 112.0 52.0 -16.0 -52.0 -80.0 52.0 -16.0 -52.0 
pseudoconglomeration -240.0 52.0 16.0 -52.0 128.0 0.0 -112.0 52.0 176.0 -52.0 -144.0 104.0 144.0 -104.0 -48.0 104.0 -64.0 -52.0 128.0 0.0 -16.0 -52.0 -16.0 104.0 -176.0 -104.0 32.0 0.0 -80.0 52.0 112.0 -52.0 96.0 0.0 32.0 0.0 -48.0 104.0 
pseudohermaphroditic -240.0 52.0 16.0 -52.0 128.0 0.0 -112.0 52.0 176.0 -52.0 -80.0 52.0 -112.0 -52.0 32.0 0.0 144.0 104.0 -224.0 -52.0 272.0 -52.0 -112.0 52.0 -80.0 -52.0 160.0 0.0 -176.0 52.0 144.0 -52.0 -96.0 0.0 96.0 0.0 -112.0 104.0 
pseudoparenchymatous -240.0 52.0 16.0 -52.0 128.0 0.0 -112.0 52.0 176.0 -52.0 32.0 0.0 -272.0 52.0 80.0 -52.0 -32.0 0.0 144.0 104.0 -96.0 0.0 64.0 -52.0 -16.0 -52.0 80.0 104.0 -224.0 -52.0 112.0 -52.0 128.0 0.0 -64.0 0.0 -144.0 52.0 
pseudophenanthroline -240.0 52.0 16.0 -52.0 128.0 0.0 -112.0 52.0 176.0 -52.0 32.0 0.0 -112.0 52.0 -112.0 -52.0 144.0 104.0 -192.0 -52.0 192.0 52.0 -80.0 -104.0 48.0 52.0 -80.0 -52.0 160.0 0.0 16.0 52.0 -48.0 -52.0 -16.0 104.0 -144.0 -104.0 
pylethrombophlebitis -128.0 0.0 112.0 52.0 -208.0 -52.0 64.0 0.0 48.0 52.0 -80.0 -52.0 160.0 0.0 -16.0 104.0 -64.0 0.0 80.0 -104.0 32.0 0.0 -112.0 52.0 96.0 0.0 -208.0 -52.0 112.0 104.0 48.0 -104.0 -96.0 0.0 96.0 0.0 -176.0 52.0 
pyopneumopericardium -128.0 0.0 96.0 0.0 32.0 0.0 -80.0 104.0 -144.0 -104.0 128.0 0.0 48.0 104.0 16.0 -104.0 32.0 0.0 -224.0 0.0 32.0 0.0 128.0 0.0 -112.0 104.0 -96.0 -52.0 80.0 -52.0 -16.0 52.0 144.0 -52.0 -32.0 0.0 48.0 104.0 
pyopneumoperitonitis -128.0 0.0 96.0 0.0 32.0 0.0 -80.0 104.0 -144.0 -104.0 128.0 0.0 48.0 104.0 16.0 -104.0 32.0 0.0 -224.0 0.0 32.0 0.0 128.0 0.0 -96.0 0.0 128.0 0.0 -48.0 104.0 16.0 -104.0 -96.0 0.0 96.0 0.0 -176.0 52.0 
reticulatocoalescent -32.0 0.0 64.0 0.0 96.0 0.0 -112.0 104.0 80.0 -104.0 80.0 52.0 -256.0 0.0 112.0 -52.0 128.0 0.0 -144.0 104.0 144.0 -104.0 -240.0 52.0 256.0 0.0 -208.0 -52.0 -16.0 52.0 64.0 52.0 -48.0 -104.0 144.0 104.0 -80.0 -104.0 
roentgenographically 160.0 0.0 -192.0 0.0 144.0 104.0 -80.0 -104.0 16.0 52.0 -80.0 -52.0 144.0 104.0 48.0 -104.0 -112.0 52.0 -48.0 -52.0 -80.0 52.0 272.0 -52.0 -112.0 52.0 48.0 -52.0 -112.0 104.0 -96.0 -52.0 256.0 0.0 0.0 0.0 -112.0 -52.0 
saccharogalactorrhea -32.0 0.0 96.0 52.0 0.0 0.0 64.0 -52.0 -160.0 0.0 80.0 -52.0 160.0 0.0 -112.0 52.0 -128.0 0.0 256.0 0.0 -256.0 0.0 96.0 52.0 16.0 -104.0 128.0 0.0 -160.0 0.0 0.0 0.0 80.0 52.0 -112.0 -52.0 -48.0 52.0 
saccharomucilaginous -32.0 0.0 96.0 52.0 0.0 0.0 64.0 -52.0 -160.0 0.0 80.0 -52.0 160.0 0.0 -16.0 104.0 -48.0 -104.0 -80.0 104.0 112.0 -104.0 48.0 52.0 -256.0 0.0 128.0 0.0 80.0 -52.0 -16.0 104.0 48.0 -104.0 -64.0 0.0 -144.0 52.0 
scientificoreligious 64.0 52.0 112.0 -104.0 -160.0 0.0 144.0 104.0 -80.0 -104.0 96.0 0.0 -112.0 52.0 112.0 -52.0 -112.0 104.0 144.0 -104.0 -160.0 0.0 -32.0 0.0 208.0 52.0 -48.0 -52.0 -80.0 52.0 80.0 -52.0 32.0 0.0 -64.0 0.0 -144.0 52.0 
scleroconjunctivitis 64.0 52.0 160.0 -52.0 -208.0 -52.0 32.0 0.0 160.0 0.0 -144.0 104.0 144.0 -104.0 -48.0 104.0 0.0 -52.0 -16.0 -52.0 16.0 104.0 -96.0 0.0 16.0 -104.0 96.0 0.0 -80.0 104.0 80.0 -104.0 -96.0 0.0 96.0 0.0 -176.0 52.0 
semiprofessionalized 16.0 -52.0 176.0 104.0 -16.0 -104.0 64.0 0.0 -192.0 0.0 160.0 0.0 -144.0 52.0 -48.0 -52.0 -16.0 52.0 0.0 0.0 176.0 -52.0 32.0 0.0 -48.0 104.0 -192.0 -52.0 256.0 0.0 -48.0 -52.0 -176.0 104.0 16.0 -104.0 16.0 52.0 
spectromicroscopical 240.0 -52.0 -224.0 0.0 48.0 104.0 16.0 -104.0 -32.0 0.0 160.0 0.0 -16.0 104.0 -16.0 -104.0 -112.0 104.0 -16.0 -104.0 160.0 0.0 -208.0 52.0 64.0 52.0 144.0 -104.0 32.0 0.0 -64.0 0.0 -112.0 104.0 -96.0 -52.0 256.0 0.0 
spectrophotoelectric 240.0 -52.0 -224.0 0.0 48.0 104.0 16.0 -104.0 -32.0 0.0 160.0 0.0 32.0 0.0 -112.0 52.0 80.0 -52.0 -128.0 0.0 128.0 0.0 -192.0 0.0 208.0 52.0 -208.0 -52.0 48.0 104.0 16.0 -104.0 -32.0 0.0 128.0 0.0 -112.0 104.0 
spectropyrheliometer 240.0 -52.0 -224.0 0.0 48.0 104.0 16.0 -104.0 -32.0 0.0 160.0 0.0 32.0 0.0 -128.0 0.0 -64.0 0.0 80.0 52.0 -112.0 -52.0 208.0 52.0 -48.0 -52.0 32.0 0.0 -16.0 104.0 -176.0 -104.0 64.0 0.0 -64.0 0.0 32.0 0.0 
spinulosodenticulate 240.0 -52.0 -64.0 0.0 -16.0 104.0 -16.0 -104.0 80.0 52.0 -16.0 -52.0 -208.0 52.0 208.0 -52.0 -176.0 52.0 -16.0 -52.0 144.0 104.0 -80.0 -104.0 96.0 0.0 -112.0 104.0 80.0 -104.0 80.0 52.0 -256.0 0.0 112.0 -52.0 -64.0 0.0 
spondylotherapeutics 240.0 -52.0 -32.0 0.0 -48.0 104.0 -128.0 -52.0 80.0 -52.0 112.0 52.0 -16.0 -52.0 -128.0 0.0 48.0 52.0 -112.0 -52.0 32.0 0.0 -80.0 52.0 272.0 -52.0 -224.0 0.0 128.0 0.0 -64.0 0.0 96.0 0.0 -112.0 104.0 -64.0 -52.0 
stereophotogrammetry 80.0 -52.0 -64.0 0.0 32.0 0.0 -32.0 0.0 192.0 0.0 32.0 0.0 -112.0 52.0 80.0 -52.0 -128.0 0.0 128.0 0.0 -112.0 52.0 -48.0 -52.0 -80.0 52.0 224.0 52.0 0.0 0.0 -176.0 -104.0 64.0 0.0 -32.0 0.0 64.0 0.0 
subjectivoidealistic 144.0 -52.0 -16.0 104.0 32.0 -52.0 -144.0 -52.0 48.0 104.0 16.0 -104.0 96.0 0.0 -80.0 104.0 112.0 -104.0 -32.0 0.0 -144.0 52.0 -16.0 -52.0 -48.0 52.0 256.0 0.0 -48.0 -52.0 -176.0 52.0 80.0 -52.0 96.0 0.0 -112.0 104.0 
superphlogistication 144.0 -52.0 96.0 0.0 -224.0 0.0 32.0 0.0 192.0 0.0 -112.0 52.0 96.0 0.0 -16.0 -52.0 -112.0 52.0 80.0 -52.0 -176.0 52.0 80.0 -52.0 96.0 0.0 -112.0 104.0 -96.0 -52.0 112.0 -52.0 96.0 0.0 32.0 0.0 -48.0 104.0 
superserviceableness 144.0 -52.0 96.0 0.0 -224.0 0.0 32.0 0.0 -48.0 52.0 16.0 -52.0 32.0 0.0 48.0 104.0 80.0 -104.0 -112.0 104.0 -48.0 -104.0 -48.0 52.0 160.0 52.0 96.0 -52.0 -208.0 -52.0 144.0 104.0 -144.0 -104.0 -16.0 52.0 0.0 0.0 
supersuperabundantly 144.0 -52.0 96.0 0.0 -224.0 0.0 32.0 0.0 -48.0 52.0 144.0 -52.0 96.0 0.0 -224.0 0.0 32.0 0.0 -80.0 52.0 160.0 52.0 16.0 -104.0 16.0 104.0 -128.0 -52.0 -64.0 0.0 192.0 52.0 -80.0 -104.0 144.0 52.0 -112.0 -52.0 
superultrafrostified 144.0 -52.0 96.0 0.0 -224.0 0.0 32.0 0.0 96.0 0.0 80.0 52.0 -144.0 -52.0 -32.0 0.0 -80.0 52.0 96.0 0.0 -16.0 -52.0 160.0 0.0 -208.0 52.0 80.0 -52.0 96.0 0.0 -112.0 52.0 112.0 -52.0 -160.0 0.0 16.0 52.0 
syncategorematically 112.0 -52.0 48.0 104.0 -96.0 0.0 -96.0 -52.0 112.0 -52.0 -64.0 0.0 80.0 52.0 112.0 -52.0 -160.0 0.0 -32.0 0.0 176.0 104.0 -224.0 -52.0 112.0 -52.0 96.0 0.0 -112.0 104.0 -96.0 -52.0 256.0 0.0 0.0 0.0 -112.0 -52.0 
teleoroentgenography -64.0 0.0 208.0 52.0 -208.0 -52.0 192.0 0.0 -160.0 0.0 160.0 0.0 -192.0 0.0 144.0 104.0 -80.0 -104.0 16.0 52.0 -80.0 -52.0 144.0 104.0 48.0 -104.0 -112.0 52.0 -48.0 -52.0 -80.0 52.0 272.0 -52.0 -112.0 52.0 -16.0 -52.0 
theoanthropomorphism 48.0 52.0 -112.0 -52.0 192.0 0.0 -240.0 52.0 192.0 52.0 -80.0 -104.0 48.0 52.0 -80.0 -52.0 160.0 0.0 32.0 0.0 -32.0 0.0 -16.0 104.0 16.0 -104.0 -160.0 0.0 192.0 0.0 -112.0 52.0 48.0 -52.0 -176.0 52.0 192.0 52.0 
theologicohistorical 48.0 52.0 -112.0 -52.0 192.0 0.0 16.0 52.0 -16.0 -52.0 -112.0 52.0 80.0 -52.0 -112.0 104.0 144.0 -104.0 -80.0 52.0 48.0 -52.0 -176.0 52.0 80.0 -52.0 128.0 0.0 -160.0 0.0 128.0 0.0 -112.0 104.0 -96.0 -52.0 256.0 0.0 
thermopolymerization 48.0 52.0 -112.0 -52.0 32.0 0.0 144.0 104.0 16.0 -104.0 32.0 0.0 -32.0 0.0 16.0 52.0 -112.0 -52.0 80.0 104.0 -176.0 -104.0 32.0 0.0 128.0 0.0 -176.0 104.0 -32.0 -52.0 112.0 -52.0 96.0 0.0 32.0 0.0 -48.0 104.0 
thoracogastroschisis 48.0 52.0 80.0 -52.0 -160.0 0.0 -80.0 52.0 96.0 52.0 144.0 -104.0 -112.0 52.0 -128.0 0.0 32.0 0.0 80.0 -52.0 -32.0 0.0 160.0 0.0 -208.0 52.0 64.0 52.0 64.0 -52.0 48.0 -52.0 -176.0 52.0 176.0 -52.0 -176.0 52.0 
transubstantiatively -32.0 0.0 -80.0 52.0 192.0 52.0 -160.0 -52.0 144.0 -52.0 -16.0 104.0 -128.0 -52.0 80.0 -52.0 -112.0 52.0 192.0 52.0 -80.0 -104.0 96.0 0.0 -208.0 52.0 112.0 -52.0 96.0 0.0 -80.0 104.0 -80.0 -104.0 208.0 52.0 -112.0 -52.0 
tribophosphorescence -32.0 0.0 128.0 0.0 -48.0 104.0 80.0 -104.0 32.0 0.0 -112.0 52.0 80.0 -52.0 -208.0 52.0 240.0 -52.0 -112.0 52.0 80.0 -52.0 -160.0 0.0 -32.0 0.0 -16.0 52.0 64.0 52.0 -48.0 -104.0 144.0 104.0 -96.0 0.0 -48.0 -104.0 
trihemitetartemorion -32.0 0.0 128.0 0.0 -48.0 52.0 -112.0 -52.0 176.0 104.0 -16.0 -104.0 -96.0 0.0 -64.0 0.0 64.0 0.0 -112.0 52.0 80.0 -52.0 32.0 0.0 -64.0 0.0 176.0 104.0 16.0 -104.0 -160.0 0.0 128.0 0.0 32.0 0.0 -48.0 104.0 
turbinatocylindrical 64.0 0.0 -96.0 0.0 80.0 104.0 48.0 -104.0 -16.0 104.0 -192.0 -52.0 112.0 -52.0 128.0 0.0 -144.0 104.0 48.0 -104.0 112.0 52.0 -48.0 -52.0 -16.0 104.0 -128.0 -52.0 16.0 -52.0 128.0 0.0 -112.0 104.0 -96.0 -52.0 256.0 0.0 
tychoparthenogenesis 32.0 0.0 -48.0 104.0 64.0 -52.0 80.0 -52.0 32.0 0.0 -272.0 52.0 80.0 -52.0 32.0 0.0 48.0 52.0 -112.0 -52.0 144.0 104.0 48.0 -104.0 -112.0 52.0 -80.0 -52.0 144.0 104.0 -144.0 -104.0 -16.0 52.0 176.0 -52.0 -176.0 52.0 
ultradolichocephalic 80.0 52.0 -144.0 -52.0 -32.0 0.0 -80.0 52.0 64.0 0.0 176.0 -52.0 16.0 52.0 -48.0 -52.0 -112.0 104.0 64.0 -52.0 80.0 -52.0 -144.0 104.0 -48.0 -104.0 224.0 0.0 -112.0 52.0 -160.0 0.0 256.0 0.0 -48.0 -52.0 -112.0 104.0 
ultraphotomicrograph 80.0 52.0 -144.0 -52.0 -32.0 0.0 -80.0 52.0 272.0 -52.0 -112.0 52.0 80.0 -52.0 -128.0 0.0 128.0 0.0 -16.0 104.0 -16.0 -104.0 -112.0 104.0 -16.0 -104.0 160.0 0.0 -112.0 52.0 -48.0 -52.0 -80.0 52.0 272.0 -52.0 -112.0 52.0 
ultrastandardization 80.0 52.0 -144.0 -52.0 -32.0 0.0 -80.0 52.0 32.0 0.0 80.0 -52.0 -112.0 52.0 192.0 52.0 -128.0 -52.0 -64.0 0.0 80.0 -52.0 -16.0 52.0 144.0 -52.0 -176.0 104.0 -32.0 -52.0 112.0 -52.0 96.0 0.0 32.0 0.0 -48.0 104.0 
uncharacteristically 16.0 104.0 -96.0 0.0 64.0 -52.0 -160.0 0.0 80.0 -52.0 -80.0 52.0 96.0 52.0 16.0 -104.0 -64.0 0.0 32.0 0.0 128.0 0.0 -176.0 52.0 80.0 -52.0 96.0 0.0 -112.0 104.0 -96.0 -52.0 256.0 0.0 0.0 0.0 -112.0 -52.0 
uncontradictableness 16.0 104.0 -96.0 0.0 144.0 -104.0 -48.0 104.0 -80.0 -104.0 -32.0 0.0 -80.0 52.0 64.0 0.0 144.0 -52.0 -112.0 104.0 16.0 -104.0 -112.0 52.0 160.0 52.0 96.0 -52.0 -208.0 -52.0 144.0 104.0 -144.0 -104.0 -16.0 52.0 0.0 0.0 
uncontrovertableness 16.0 104.0 -96.0 0.0 144.0 -104.0 -48.0 104.0 -80.0 -104.0 -32.0 0.0 160.0 0.0 -112.0 104.0 -80.0 -104.0 32.0 0.0 32.0 0.0 -112.0 52.0 160.0 52.0 96.0 -52.0 -208.0 -52.0 144.0 104.0 -144.0 -104.0 -16.0 52.0 0.0 0.0 
uncontrovertibleness 16.0 104.0 -96.0 0.0 144.0 -104.0 -48.0 104.0 -80.0 -104.0 -32.0 0.0 160.0 0.0 -112.0 104.0 -80.0 -104.0 32.0 0.0 32.0 0.0 96.0 0.0 -48.0 104.0 96.0 -52.0 -208.0 -52.0 144.0 104.0 -144.0 -104.0 -16.0 52.0 0.0 0.0 
undiscriminatingness 16.0 104.0 -128.0 -52.0 144.0 -52.0 -176.0 52.0 64.0 52.0 -16.0 -104.0 128.0 0.0 16.0 104.0 -16.0 -104.0 -16.0 104.0 -192.0 -52.0 112.0 -52.0 96.0 0.0 -16.0 104.0 -64.0 -52.0 64.0 52.0 -144.0 -104.0 -16.0 52.0 0.0 0.0 
unextinguishableness 16.0 104.0 -144.0 -104.0 16.0 104.0 48.0 -104.0 96.0 0.0 -16.0 104.0 -64.0 -52.0 48.0 -52.0 32.0 0.0 -176.0 52.0 128.0 0.0 -160.0 0.0 160.0 52.0 96.0 -52.0 -208.0 -52.0 144.0 104.0 -144.0 -104.0 -16.0 52.0 0.0 0.0 
unproportionableness 16.0 104.0 80.0 -104.0 -192.0 0.0 160.0 0.0 32.0 0.0 -32.0 0.0 -160.0 0.0 32.0 0.0 96.0 0.0 32.0 0.0 -48.0 104.0 -192.0 -52.0 160.0 52.0 96.0 -52.0 -208.0 -52.0 144.0 104.0 -144.0 -104.0 -16.0 52.0 0.0 0.0 
uranostaphylorrhaphy -96.0 0.0 -80.0 52.0 192.0 52.0 48.0 -104.0 -208.0 52.0 80.0 -52.0 -112.0 52.0 272.0 -52.0 -112.0 52.0 -16.0 -52.0 112.0 52.0 -16.0 -52.0 -160.0 0.0 0.0 0.0 80.0 52.0 -160.0 0.0 272.0 -52.0 -112.0 52.0 -16.0 -52.0 
ureterosalpingostomy -96.0 0.0 -32.0 0.0 64.0 0.0 -64.0 0.0 32.0 0.0 160.0 0.0 -208.0 52.0 -32.0 0.0 256.0 0.0 16.0 -52.0 -64.0 0.0 -16.0 104.0 -64.0 -52.0 112.0 -52.0 -208.0 52.0 80.0 -52.0 128.0 0.0 -16.0 104.0 -80.0 -104.0 
ureterosigmoidostomy -96.0 0.0 -32.0 0.0 64.0 0.0 -64.0 0.0 32.0 0.0 160.0 0.0 -208.0 52.0 176.0 -52.0 -80.0 52.0 96.0 52.0 16.0 -104.0 -32.0 0.0 -144.0 52.0 176.0 -52.0 -208.0 52.0 80.0 -52.0 128.0 0.0 -16.0 104.0 -80.0 -104.0 
vagoglossopharyngeal -128.0 -52.0 128.0 0.0 112.0 -52.0 -112.0 52.0 128.0 0.0 -16.0 -52.0 -208.0 52.0 0.0 0.0 208.0 -52.0 32.0 0.0 -112.0 52.0 -160.0 0.0 80.0 -52.0 64.0 0.0 48.0 104.0 -64.0 -52.0 -80.0 -52.0 -48.0 52.0 256.0 0.0 
