anatomicophysiological 192.0 52.0 -192.0 -52.0 112.0 -52.0 128.0 0.0 -16.0 104.0 -16.0 -104.0 -112.0 104.0 144.0 -104.0 32.0 0.0 -112.0 52.0 -16.0 -52.0 -112.0 52.0 176.0 -52.0 32.0 0.0 16.0 52.0 -16.0 -52.0 -112.0 52.0 80.0 -52.0 -112.0 104.0 -96.0 -52.0 256.0 0.0 
aquopentamminecobaltic -16.0 -52.0 192.0 0.0 64.0 0.0 32.0 0.0 -224.0 0.0 144.0 104.0 -80.0 -104.0 -112.0 52.0 224.0 52.0 0.0 0.0 -16.0 -104.0 -16.0 104.0 -144.0 -104.0 48.0 104.0 144.0 -104.0 -80.0 104.0 -160.0 -52.0 256.0 0.0 -144.0 -52.0 96.0 0.0 -112.0 104.0 
blepharoconjunctivitis 96.0 -52.0 -208.0 -52.0 224.0 0.0 -112.0 52.0 -160.0 0.0 80.0 -52.0 160.0 0.0 -144.0 104.0 144.0 -104.0 -48.0 104.0 0.0 -52.0 -16.0 -52.0 16.0 104.0 -96.0 0.0 16.0 -104.0 96.0 0.0 -80.0 104.0 80.0 -104.0 -96.0 0.0 96.0 0.0 -176.0 52.0 
cholecystenterorrhaphy 64.0 -52.0 80.0 -52.0 16.0 52.0 -208.0 -52.0 48.0 104.0 48.0 -104.0 -112.0 52.0 80.0 -52.0 -64.0 0.0 144.0 104.0 -80.0 -104.0 -64.0 0.0 32.0 0.0 160.0 0.0 -160.0 0.0 0.0 0.0 80.0 52.0 -160.0 0.0 272.0 -52.0 -112.0 52.0 -16.0 -52.0 
cholecystoduodenostomy 64.0 -52.0 80.0 -52.0 16.0 52.0 -208.0 -52.0 48.0 104.0 48.0 -104.0 -112.0 52.0 80.0 -52.0 128.0 0.0 -176.0 52.0 112.0 -52.0 64.0 0.0 -176.0 52.0 -16.0 -52.0 144.0 104.0 48.0 -104.0 -208.0 52.0 80.0 -52.0 128.0 0.0 -16.0 104.0 -80.0 -104.0 
choledochoduodenostomy 64.0 -52.0 80.0 -52.0 16.0 52.0 -208.0 -52.0 16.0 52.0 176.0 -52.0 -144.0 104.0 64.0 -52.0 80.0 -52.0 -176.0 52.0 112.0 -52.0 64.0 0.0 -176.0 52.0 -16.0 -52.0 144.0 104.0 48.0 -104.0 -208.0 52.0 80.0 -52.0 128.0 0.0 -16.0 104.0 -80.0 -104.0 
counterexcommunication 144.0 -104.0 -64.0 0.0 16.0 104.0 -80.0 -104.0 -64.0 0.0 32.0 0.0 -32.0 0.0 16.0 104.0 32.0 0.0 144.0 -104.0 -16.0 104.0 0.0 0.0 -48.0 -104.0 16.0 104.0 16.0 -104.0 -112.0 104.0 -96.0 -52.0 112.0 -52.0 96.0 0.0 32.0 0.0 -48.0 104.0 
dacryocystoblennorrhea -64.0 0.0 96.0 52.0 -16.0 -104.0 64.0 0.0 96.0 0.0 -144.0 104.0 48.0 -104.0 -112.0 52.0 80.0 -52.0 128.0 0.0 -80.0 104.0 96.0 -52.0 -208.0 -52.0 144.0 104.0 0.0 0.0 48.0 -104.0 -160.0 0.0 0.0 0.0 80.0 52.0 -112.0 -52.0 -48.0 52.0 
dacryocystosyringotomy -64.0 0.0 96.0 52.0 -16.0 -104.0 64.0 0.0 96.0 0.0 -144.0 104.0 48.0 -104.0 -112.0 52.0 80.0 -52.0 128.0 0.0 -208.0 52.0 112.0 -52.0 -64.0 0.0 128.0 0.0 -16.0 104.0 -64.0 -52.0 112.0 -52.0 -128.0 0.0 128.0 0.0 -16.0 104.0 -80.0 -104.0 
deanthropomorphization -16.0 -52.0 -48.0 52.0 192.0 52.0 -80.0 -104.0 48.0 52.0 -80.0 -52.0 160.0 0.0 32.0 0.0 -32.0 0.0 -16.0 104.0 16.0 -104.0 -160.0 0.0 192.0 0.0 -112.0 52.0 48.0 -52.0 -176.0 104.0 -32.0 -52.0 112.0 -52.0 96.0 0.0 32.0 0.0 -48.0 104.0 
duodenocholecystostomy 112.0 -52.0 64.0 0.0 -176.0 52.0 -16.0 -52.0 144.0 104.0 48.0 -104.0 -144.0 104.0 64.0 -52.0 80.0 -52.0 16.0 52.0 -208.0 -52.0 48.0 104.0 48.0 -104.0 -112.0 52.0 80.0 -52.0 128.0 0.0 -208.0 52.0 80.0 -52.0 128.0 0.0 -16.0 104.0 -80.0 -104.0 
electroencephalography 208.0 52.0 -208.0 -52.0 48.0 104.0 16.0 -104.0 -32.0 0.0 160.0 0.0 -192.0 0.0 144.0 104.0 -96.0 0.0 -48.0 -104.0 224.0 0.0 -112.0 52.0 -160.0 0.0 256.0 0.0 -16.0 -52.0 -112.0 52.0 -48.0 -52.0 -80.0 52.0 272.0 -52.0 -112.0 52.0 -16.0 -52.0 
electrotelethermometer 208.0 52.0 -208.0 -52.0 48.0 104.0 16.0 -104.0 -32.0 0.0 160.0 0.0 -128.0 0.0 -64.0 0.0 208.0 52.0 -208.0 -52.0 64.0 0.0 48.0 52.0 -112.0 -52.0 32.0 0.0 144.0 104.0 16.0 -104.0 -16.0 104.0 -176.0 -104.0 64.0 0.0 -64.0 0.0 32.0 0.0 
hexamethylenetetramine -112.0 -52.0 16.0 104.0 -64.0 -52.0 224.0 52.0 -176.0 -104.0 64.0 0.0 48.0 52.0 -16.0 -52.0 112.0 52.0 -208.0 -52.0 144.0 104.0 -144.0 -104.0 64.0 0.0 -64.0 0.0 64.0 0.0 -32.0 0.0 -80.0 52.0 224.0 52.0 -16.0 -104.0 -16.0 104.0 -144.0 -104.0 
hexanitrodiphenylamine -112.0 -52.0 16.0 104.0 -64.0 -52.0 192.0 52.0 16.0 -104.0 -96.0 0.0 -32.0 0.0 160.0 0.0 -176.0 52.0 144.0 -52.0 64.0 0.0 -112.0 52.0 -112.0 -52.0 144.0 104.0 -48.0 -104.0 112.0 52.0 -256.0 0.0 224.0 52.0 -16.0 -104.0 -16.0 104.0 -144.0 -104.0 
historicocabbalistical 48.0 -52.0 -176.0 52.0 80.0 -52.0 128.0 0.0 -160.0 0.0 128.0 0.0 -112.0 104.0 144.0 -104.0 -144.0 104.0 -96.0 -52.0 160.0 52.0 0.0 0.0 -160.0 -52.0 256.0 0.0 -48.0 -52.0 -176.0 52.0 80.0 -52.0 96.0 0.0 -112.0 104.0 -96.0 -52.0 256.0 0.0 
hydropneumopericardium -16.0 -52.0 -80.0 52.0 16.0 -52.0 160.0 0.0 32.0 0.0 -80.0 104.0 -144.0 -104.0 128.0 0.0 48.0 104.0 16.0 -104.0 32.0 0.0 -224.0 0.0 32.0 0.0 128.0 0.0 -112.0 104.0 -96.0 -52.0 80.0 -52.0 -16.0 52.0 144.0 -52.0 -32.0 0.0 48.0 104.0 
hyperconscientiousness -16.0 -52.0 128.0 0.0 -224.0 0.0 32.0 0.0 16.0 104.0 144.0 -104.0 -48.0 104.0 -160.0 -52.0 64.0 52.0 112.0 -104.0 -160.0 0.0 144.0 104.0 -80.0 -104.0 96.0 0.0 32.0 0.0 -64.0 0.0 -144.0 52.0 160.0 52.0 -144.0 -104.0 -16.0 52.0 0.0 0.0 
laparocolpohysterotomy -256.0 0.0 272.0 -52.0 -272.0 52.0 80.0 -52.0 160.0 0.0 -144.0 104.0 144.0 -104.0 16.0 52.0 16.0 -52.0 -32.0 0.0 -80.0 52.0 -16.0 -52.0 -112.0 52.0 80.0 -52.0 -64.0 0.0 32.0 0.0 160.0 0.0 -128.0 0.0 128.0 0.0 -16.0 104.0 -80.0 -104.0 
lymphangioendothelioma -112.0 -52.0 80.0 104.0 48.0 -104.0 -112.0 52.0 -160.0 0.0 192.0 52.0 -64.0 -52.0 80.0 -52.0 32.0 0.0 -192.0 0.0 144.0 104.0 -128.0 -52.0 176.0 -52.0 -128.0 0.0 48.0 52.0 -112.0 -52.0 208.0 52.0 -48.0 -52.0 32.0 0.0 -16.0 104.0 -224.0 -52.0 
microcryptocrystalline -16.0 -104.0 -112.0 104.0 -16.0 -104.0 160.0 0.0 -144.0 104.0 -16.0 -104.0 64.0 0.0 128.0 0.0 -160.0 0.0 128.0 0.0 -144.0 104.0 -16.0 -104.0 64.0 0.0 -112.0 52.0 80.0 -52.0 -112.0 52.0 256.0 0.0 0.0 0.0 -48.0 -52.0 -16.0 104.0 -144.0 -104.0 
naphthylaminesulphonic -192.0 -52.0 272.0 -52.0 -112.0 52.0 -48.0 -52.0 48.0 52.0 -16.0 -52.0 112.0 52.0 -256.0 0.0 224.0 52.0 -16.0 -104.0 -16.0 104.0 -144.0 -104.0 -16.0 52.0 144.0 -52.0 80.0 52.0 16.0 -52.0 -112.0 52.0 80.0 -52.0 -48.0 104.0 16.0 -104.0 -112.0 104.0 
nonrepresentationalism 48.0 -104.0 -48.0 104.0 -112.0 -104.0 -32.0 0.0 224.0 0.0 -192.0 0.0 -32.0 0.0 -16.0 52.0 16.0 -52.0 144.0 104.0 -80.0 -104.0 -112.0 52.0 112.0 -52.0 96.0 0.0 32.0 0.0 -48.0 104.0 -192.0 -52.0 256.0 0.0 -48.0 -52.0 -176.0 52.0 192.0 52.0 
omnirepresentativeness -16.0 104.0 -32.0 0.0 16.0 -104.0 -128.0 0.0 -32.0 0.0 224.0 0.0 -192.0 0.0 -32.0 0.0 -16.0 52.0 16.0 -52.0 144.0 104.0 -80.0 -104.0 -112.0 52.0 112.0 -52.0 96.0 0.0 -80.0 104.0 -80.0 -104.0 144.0 104.0 -144.0 -104.0 -16.0 52.0 0.0 0.0 
pancreaticogastrostomy -272.0 52.0 192.0 52.0 -96.0 0.0 -16.0 -104.0 -32.0 0.0 -48.0 52.0 112.0 -52.0 96.0 0.0 -112.0 104.0 144.0 -104.0 -112.0 52.0 -128.0 0.0 32.0 0.0 80.0 -52.0 -32.0 0.0 160.0 0.0 -208.0 52.0 80.0 -52.0 128.0 0.0 -16.0 104.0 -80.0 -104.0 
philosophicohistorical -112.0 52.0 48.0 -52.0 48.0 52.0 -16.0 -52.0 -208.0 52.0 208.0 -52.0 32.0 0.0 -112.0 52.0 48.0 -52.0 -112.0 104.0 144.0 -104.0 -80.0 52.0 48.0 -52.0 -176.0 52.0 80.0 -52.0 128.0 0.0 -160.0 0.0 128.0 0.0 -112.0 104.0 -96.0 -52.0 256.0 0.0 
photochronographically -112.0 52.0 80.0 -52.0 -128.0 0.0 128.0 0.0 -144.0 104.0 64.0 -52.0 -80.0 -52.0 160.0 0.0 -48.0 104.0 48.0 -104.0 -112.0 52.0 -48.0 -52.0 -80.0 52.0 272.0 -52.0 -112.0 52.0 48.0 -52.0 -112.0 104.0 -96.0 -52.0 256.0 0.0 0.0 0.0 -112.0 -52.0 
photospectroheliograph -112.0 52.0 80.0 -52.0 -128.0 0.0 128.0 0.0 -208.0 52.0 240.0 -52.0 -224.0 0.0 48.0 104.0 16.0 -104.0 -32.0 0.0 160.0 0.0 -80.0 52.0 -112.0 -52.0 208.0 52.0 -48.0 -52.0 32.0 0.0 -112.0 52.0 -48.0 -52.0 -80.0 52.0 272.0 -52.0 -112.0 52.0 
pneumohydropericardium -80.0 104.0 -144.0 -104.0 128.0 0.0 48.0 104.0 16.0 -104.0 -80.0 52.0 -16.0 -52.0 -80.0 52.0 16.0 -52.0 160.0 0.0 32.0 0.0 -224.0 0.0 32.0 0.0 128.0 0.0 -112.0 104.0 -96.0 -52.0 80.0 -52.0 -16.0 52.0 144.0 -52.0 -32.0 0.0 48.0 104.0 
pneumoventriculography -80.0 104.0 -144.0 -104.0 128.0 0.0 48.0 104.0 16.0 -104.0 -112.0 104.0 -80.0 -104.0 144.0 104.0 -80.0 -104.0 -32.0 0.0 128.0 0.0 -112.0 104.0 80.0 -104.0 80.0 52.0 -16.0 -52.0 -112.0 52.0 -48.0 -52.0 -80.0 52.0 272.0 -52.0 -112.0 52.0 -16.0 -52.0 
polioencephalomyelitis -32.0 0.0 16.0 52.0 -48.0 -52.0 32.0 0.0 -192.0 0.0 144.0 104.0 -96.0 0.0 -48.0 -104.0 224.0 0.0 -112.0 52.0 -160.0 0.0 256.0 0.0 -16.0 -52.0 -16.0 104.0 -80.0 -104.0 -96.0 0.0 208.0 52.0 -48.0 -52.0 -96.0 0.0 96.0 0.0 -176.0 52.0 
prorhipidoglossomorpha -192.0 0.0 160.0 0.0 -160.0 0.0 80.0 52.0 48.0 -52.0 64.0 0.0 -64.0 0.0 -144.0 52.0 176.0 -52.0 -112.0 52.0 128.0 0.0 -16.0 -52.0 -208.0 52.0 0.0 0.0 208.0 -52.0 -16.0 104.0 16.0 -104.0 -160.0 0.0 192.0 0.0 -112.0 52.0 -160.0 0.0 
pseudomonocotyledonous -240.0 52.0 16.0 -52.0 128.0 0.0 -112.0 52.0 176.0 -52.0 -16.0 104.0 16.0 -104.0 -48.0 104.0 48.0 -104.0 -144.0 104.0 144.0 -104.0 -128.0 0.0 32.0 0.0 112.0 52.0 -208.0 -52.0 16.0 52.0 176.0 -52.0 -48.0 104.0 48.0 -104.0 -64.0 0.0 -144.0 52.0 
pyopneumocholecystitis -128.0 0.0 96.0 0.0 32.0 0.0 -80.0 104.0 -144.0 -104.0 128.0 0.0 48.0 104.0 16.0 -104.0 -144.0 104.0 64.0 -52.0 80.0 -52.0 16.0 52.0 -208.0 -52.0 48.0 104.0 48.0 -104.0 -112.0 52.0 80.0 -52.0 96.0 0.0 -96.0 0.0 96.0 0.0 -176.0 52.0 
scleroticochorioiditis 64.0 52.0 160.0 -52.0 -208.0 -52.0 32.0 0.0 160.0 0.0 -128.0 0.0 96.0 0.0 -112.0 104.0 144.0 -104.0 -144.0 104.0 64.0 -52.0 80.0 -52.0 -160.0 0.0 128.0 0.0 32.0 0.0 -32.0 0.0 -144.0 52.0 144.0 -52.0 -96.0 0.0 96.0 0.0 -176.0 52.0 
stereophotomicrography 80.0 -52.0 -64.0 0.0 32.0 0.0 -32.0 0.0 192.0 0.0 32.0 0.0 -112.0 52.0 80.0 -52.0 -128.0 0.0 128.0 0.0 -16.0 104.0 -16.0 -104.0 -112.0 104.0 -16.0 -104.0 160.0 0.0 -112.0 52.0 -48.0 -52.0 -80.0 52.0 272.0 -52.0 -112.0 52.0 -16.0 -52.0 
theologicoastronomical 48.0 52.0 -112.0 -52.0 192.0 0.0 16.0 52.0 -16.0 -52.0 -112.0 52.0 80.0 -52.0 -112.0 104.0 144.0 -104.0 -240.0 52.0 32.0 0.0 80.0 -52.0 -32.0 0.0 160.0 0.0 -48.0 104.0 48.0 -104.0 -16.0 104.0 -16.0 -104.0 -112.0 104.0 -96.0 -52.0 256.0 0.0 
theologicometaphysical 48.0 52.0 -112.0 -52.0 192.0 0.0 16.0 52.0 -16.0 -52.0 -112.0 52.0 80.0 -52.0 -112.0 104.0 144.0 -104.0 -16.0 104.0 -176.0 -104.0 64.0 0.0 -112.0 52.0 272.0 -52.0 -112.0 52.0 -16.0 -52.0 -112.0 52.0 176.0 -52.0 -112.0 104.0 -96.0 -52.0 256.0 0.0 
thyroparathyroidectomy 48.0 52.0 -16.0 -52.0 -64.0 0.0 160.0 0.0 32.0 0.0 -272.0 52.0 80.0 -52.0 -80.0 52.0 112.0 -52.0 48.0 52.0 -16.0 -52.0 -64.0 0.0 160.0 0.0 -32.0 0.0 -144.0 52.0 -16.0 -52.0 48.0 104.0 16.0 -104.0 128.0 0.0 -16.0 104.0 -80.0 -104.0 
ureterocystanastomosis -96.0 0.0 -32.0 0.0 64.0 0.0 -64.0 0.0 32.0 0.0 160.0 0.0 -144.0 104.0 48.0 -104.0 -112.0 52.0 80.0 -52.0 -112.0 52.0 192.0 52.0 -192.0 -52.0 32.0 0.0 80.0 -52.0 128.0 0.0 -16.0 104.0 16.0 -104.0 -208.0 52.0 176.0 -52.0 -176.0 52.0 
zoologicoarchaeologist 208.0 -104.0 0.0 0.0 16.0 52.0 -16.0 -52.0 -112.0 52.0 80.0 -52.0 -112.0 104.0 144.0 -104.0 -240.0 52.0 80.0 -52.0 16.0 104.0 64.0 -52.0 -160.0 0.0 48.0 -52.0 192.0 0.0 16.0 52.0 -16.0 -52.0 -112.0 52.0 80.0 -52.0 -176.0 52.0 80.0 -52.0 
