acetylphenylhydrazine 96.0 52.0 -48.0 -104.0 64.0 0.0 32.0 0.0 112.0 52.0 16.0 -52.0 -112.0 52.0 -112.0 -52.0 144.0 104.0 -48.0 -104.0 112.0 52.0 -96.0 0.0 -16.0 -52.0 -80.0 52.0 16.0 -52.0 -80.0 52.0 32.0 52.0 176.0 -104.0 -16.0 104.0 -144.0 -104.0 
aminoacetophenetidine 224.0 52.0 -16.0 -104.0 -16.0 104.0 48.0 -104.0 -240.0 52.0 96.0 52.0 -48.0 -104.0 64.0 0.0 128.0 0.0 32.0 0.0 -112.0 52.0 -112.0 -52.0 144.0 104.0 -144.0 -104.0 64.0 0.0 96.0 0.0 -144.0 52.0 144.0 -52.0 -16.0 104.0 -144.0 -104.0 
anatomicopathological 192.0 52.0 -192.0 -52.0 112.0 -52.0 128.0 0.0 -16.0 104.0 -16.0 -104.0 -112.0 104.0 144.0 -104.0 32.0 0.0 -272.0 52.0 112.0 -52.0 48.0 52.0 80.0 -52.0 16.0 52.0 -16.0 -52.0 -112.0 52.0 80.0 -52.0 -112.0 104.0 -96.0 -52.0 256.0 0.0 
anemometrographically 192.0 52.0 -144.0 -104.0 176.0 104.0 16.0 -104.0 -16.0 104.0 -176.0 -104.0 64.0 0.0 -32.0 0.0 160.0 0.0 -112.0 52.0 -48.0 -52.0 -80.0 52.0 272.0 -52.0 -112.0 52.0 48.0 -52.0 -112.0 104.0 -96.0 -52.0 256.0 0.0 0.0 0.0 -112.0 -52.0 
anthropoclimatologist 192.0 52.0 -80.0 -104.0 48.0 52.0 -80.0 -52.0 160.0 0.0 32.0 0.0 -32.0 0.0 -144.0 104.0 160.0 -52.0 -48.0 -52.0 16.0 104.0 -224.0 -52.0 112.0 -52.0 128.0 0.0 16.0 52.0 -16.0 -52.0 -112.0 52.0 80.0 -52.0 -176.0 52.0 80.0 -52.0 
anthropomorphological 192.0 52.0 -80.0 -104.0 48.0 52.0 -80.0 -52.0 160.0 0.0 32.0 0.0 -32.0 0.0 -16.0 104.0 16.0 -104.0 -160.0 0.0 192.0 0.0 -112.0 52.0 80.0 -52.0 16.0 52.0 -16.0 -52.0 -112.0 52.0 80.0 -52.0 -112.0 104.0 -96.0 -52.0 256.0 0.0 
anticonstitutionalist 192.0 52.0 -80.0 -104.0 96.0 0.0 -112.0 104.0 144.0 -104.0 -48.0 104.0 -160.0 -52.0 80.0 -52.0 96.0 0.0 -96.0 0.0 64.0 0.0 -64.0 0.0 96.0 0.0 32.0 0.0 -48.0 104.0 -192.0 -52.0 256.0 0.0 -48.0 -52.0 -176.0 52.0 80.0 -52.0 
appendorontgenography 272.0 -52.0 0.0 0.0 -224.0 0.0 144.0 104.0 -128.0 -52.0 176.0 -52.0 -160.0 0.0 160.0 0.0 -48.0 104.0 -80.0 -104.0 16.0 52.0 -80.0 -52.0 144.0 104.0 48.0 -104.0 -112.0 52.0 -48.0 -52.0 -80.0 52.0 272.0 -52.0 -112.0 52.0 -16.0 -52.0 
benzalphenylhydrazone -112.0 -104.0 144.0 104.0 -160.0 0.0 -32.0 -52.0 256.0 0.0 16.0 -52.0 -112.0 52.0 -112.0 -52.0 144.0 104.0 -48.0 -104.0 112.0 52.0 -96.0 0.0 -16.0 -52.0 -80.0 52.0 16.0 -52.0 -80.0 52.0 32.0 52.0 208.0 -104.0 -48.0 104.0 -144.0 -104.0 
chemicopharmaceutical 64.0 -52.0 -112.0 -52.0 176.0 104.0 -16.0 -104.0 -112.0 104.0 144.0 -104.0 32.0 0.0 -112.0 52.0 -160.0 0.0 80.0 -52.0 144.0 104.0 -224.0 -52.0 96.0 52.0 -48.0 -104.0 128.0 0.0 -64.0 0.0 96.0 0.0 -112.0 104.0 -96.0 -52.0 256.0 0.0 
chlamydobacteriaceous 64.0 -52.0 96.0 0.0 -256.0 0.0 224.0 52.0 -80.0 -104.0 -80.0 52.0 176.0 -52.0 -80.0 104.0 -160.0 -52.0 96.0 52.0 16.0 -104.0 -64.0 0.0 32.0 0.0 128.0 0.0 -208.0 52.0 96.0 52.0 -48.0 -104.0 192.0 0.0 -64.0 0.0 -144.0 52.0 
cholecystogastrostomy 64.0 -52.0 80.0 -52.0 16.0 52.0 -208.0 -52.0 48.0 104.0 48.0 -104.0 -112.0 52.0 80.0 -52.0 128.0 0.0 -112.0 52.0 -128.0 0.0 32.0 0.0 80.0 -52.0 -32.0 0.0 160.0 0.0 -208.0 52.0 80.0 -52.0 128.0 0.0 -16.0 104.0 -80.0 -104.0 
cholecystojejunostomy 64.0 -52.0 80.0 -52.0 16.0 52.0 -208.0 -52.0 48.0 104.0 48.0 -104.0 -112.0 52.0 80.0 -52.0 128.0 0.0 -48.0 52.0 -144.0 -52.0 144.0 52.0 -16.0 -52.0 16.0 104.0 48.0 -104.0 -208.0 52.0 80.0 -52.0 128.0 0.0 -16.0 104.0 -80.0 -104.0 
cholecystolithotripsy 64.0 -52.0 80.0 -52.0 16.0 52.0 -208.0 -52.0 48.0 104.0 48.0 -104.0 -112.0 52.0 80.0 -52.0 128.0 0.0 16.0 52.0 -48.0 -52.0 -96.0 0.0 48.0 52.0 80.0 -52.0 -128.0 0.0 -32.0 0.0 128.0 0.0 64.0 0.0 -240.0 52.0 112.0 -52.0 
cholecystonephrostomy 64.0 -52.0 80.0 -52.0 16.0 52.0 -208.0 -52.0 48.0 104.0 48.0 -104.0 -112.0 52.0 80.0 -52.0 128.0 0.0 -48.0 104.0 -144.0 -104.0 224.0 0.0 -112.0 52.0 -80.0 -52.0 160.0 0.0 -208.0 52.0 80.0 -52.0 128.0 0.0 -16.0 104.0 -80.0 -104.0 
choledochoenterostomy 64.0 -52.0 80.0 -52.0 16.0 52.0 -208.0 -52.0 16.0 52.0 176.0 -52.0 -144.0 104.0 64.0 -52.0 80.0 -52.0 -192.0 0.0 144.0 104.0 -80.0 -104.0 -64.0 0.0 32.0 0.0 160.0 0.0 -208.0 52.0 80.0 -52.0 128.0 0.0 -16.0 104.0 -80.0 -104.0 
choledocholithotripsy 64.0 -52.0 80.0 -52.0 16.0 52.0 -208.0 -52.0 16.0 52.0 176.0 -52.0 -144.0 104.0 64.0 -52.0 80.0 -52.0 16.0 52.0 -48.0 -52.0 -96.0 0.0 48.0 52.0 80.0 -52.0 -128.0 0.0 -32.0 0.0 128.0 0.0 64.0 0.0 -240.0 52.0 112.0 -52.0 
chromophotolithograph 64.0 -52.0 -80.0 -52.0 160.0 0.0 -16.0 104.0 16.0 -104.0 32.0 0.0 -112.0 52.0 80.0 -52.0 -128.0 0.0 128.0 0.0 16.0 52.0 -48.0 -52.0 -96.0 0.0 48.0 52.0 80.0 -52.0 -112.0 52.0 -48.0 -52.0 -80.0 52.0 272.0 -52.0 -112.0 52.0 
constitutionalization 144.0 -104.0 -48.0 104.0 -160.0 -52.0 80.0 -52.0 96.0 0.0 -96.0 0.0 64.0 0.0 -64.0 0.0 96.0 0.0 32.0 0.0 -48.0 104.0 -192.0 -52.0 256.0 0.0 -48.0 -52.0 -176.0 104.0 -32.0 -52.0 112.0 -52.0 96.0 0.0 32.0 0.0 -48.0 104.0 
counterinterpretation 144.0 -104.0 -64.0 0.0 16.0 104.0 -80.0 -104.0 -64.0 0.0 32.0 0.0 128.0 0.0 -16.0 104.0 -80.0 -104.0 -64.0 0.0 32.0 0.0 192.0 0.0 -192.0 0.0 -32.0 0.0 64.0 0.0 -112.0 52.0 112.0 -52.0 96.0 0.0 32.0 0.0 -48.0 104.0 
counterpronunciamento 144.0 -104.0 -64.0 0.0 16.0 104.0 -80.0 -104.0 -64.0 0.0 32.0 0.0 192.0 0.0 -192.0 0.0 160.0 0.0 -48.0 104.0 -16.0 -104.0 16.0 104.0 -96.0 0.0 112.0 -104.0 -208.0 52.0 224.0 52.0 -176.0 -104.0 144.0 104.0 -80.0 -104.0 128.0 0.0 
counterreconnaissance 144.0 -104.0 -64.0 0.0 16.0 104.0 -80.0 -104.0 -64.0 0.0 32.0 0.0 0.0 0.0 -32.0 0.0 48.0 104.0 144.0 -104.0 -48.0 104.0 0.0 0.0 -192.0 -52.0 208.0 -52.0 -176.0 52.0 0.0 0.0 -32.0 0.0 192.0 52.0 -96.0 0.0 -48.0 -104.0 
cryptocrystallization -16.0 -104.0 64.0 0.0 128.0 0.0 -160.0 0.0 128.0 0.0 -144.0 104.0 -16.0 -104.0 64.0 0.0 -112.0 52.0 80.0 -52.0 -112.0 52.0 256.0 0.0 0.0 0.0 -48.0 -52.0 -176.0 104.0 -32.0 -52.0 112.0 -52.0 96.0 0.0 32.0 0.0 -48.0 104.0 
crystalloluminescence -16.0 -104.0 64.0 0.0 -112.0 52.0 80.0 -52.0 -112.0 52.0 256.0 0.0 0.0 0.0 -16.0 -52.0 16.0 52.0 -80.0 -52.0 48.0 104.0 -16.0 -104.0 -16.0 104.0 -144.0 -104.0 -16.0 52.0 64.0 52.0 -48.0 -104.0 144.0 104.0 -96.0 0.0 -48.0 -104.0 
dacryocystorhinostomy -64.0 0.0 96.0 52.0 -16.0 -104.0 64.0 0.0 96.0 0.0 -144.0 104.0 48.0 -104.0 -112.0 52.0 80.0 -52.0 128.0 0.0 -160.0 0.0 80.0 52.0 48.0 -52.0 -16.0 104.0 48.0 -104.0 -208.0 52.0 80.0 -52.0 128.0 0.0 -16.0 104.0 -80.0 -104.0 
deintellectualization -16.0 -52.0 160.0 0.0 -16.0 104.0 -80.0 -104.0 -64.0 0.0 208.0 52.0 0.0 0.0 -208.0 -52.0 48.0 104.0 16.0 -104.0 64.0 0.0 -176.0 52.0 256.0 0.0 -48.0 -52.0 -176.0 104.0 -32.0 -52.0 112.0 -52.0 96.0 0.0 32.0 0.0 -48.0 104.0 
disestablishmentarian 144.0 -52.0 -176.0 52.0 16.0 -52.0 -16.0 52.0 80.0 -52.0 -112.0 52.0 160.0 52.0 96.0 -52.0 -48.0 -52.0 -176.0 52.0 128.0 0.0 64.0 52.0 -176.0 -104.0 144.0 104.0 -80.0 -104.0 -112.0 52.0 80.0 -52.0 128.0 0.0 -208.0 52.0 192.0 52.0 
disproportionableness 144.0 -52.0 -176.0 52.0 240.0 -52.0 -192.0 0.0 160.0 0.0 32.0 0.0 -32.0 0.0 -160.0 0.0 32.0 0.0 96.0 0.0 32.0 0.0 -48.0 104.0 -192.0 -52.0 160.0 52.0 96.0 -52.0 -208.0 -52.0 144.0 104.0 -144.0 -104.0 -16.0 52.0 0.0 0.0 
duodenocholedochotomy 112.0 -52.0 64.0 0.0 -176.0 52.0 -16.0 -52.0 144.0 104.0 48.0 -104.0 -144.0 104.0 64.0 -52.0 80.0 -52.0 16.0 52.0 -208.0 -52.0 16.0 52.0 176.0 -52.0 -144.0 104.0 64.0 -52.0 80.0 -52.0 -128.0 0.0 128.0 0.0 -16.0 104.0 -80.0 -104.0 
duodenopancreatectomy 112.0 -52.0 64.0 0.0 -176.0 52.0 -16.0 -52.0 144.0 104.0 48.0 -104.0 32.0 0.0 -272.0 52.0 192.0 52.0 -96.0 0.0 -16.0 -104.0 -32.0 0.0 -48.0 52.0 112.0 -52.0 -64.0 0.0 48.0 104.0 16.0 -104.0 128.0 0.0 -16.0 104.0 -80.0 -104.0 
electroencephalograph 208.0 52.0 -208.0 -52.0 48.0 104.0 16.0 -104.0 -32.0 0.0 160.0 0.0 -192.0 0.0 144.0 104.0 -96.0 0.0 -48.0 -104.0 224.0 0.0 -112.0 52.0 -160.0 0.0 256.0 0.0 -16.0 -52.0 -112.0 52.0 -48.0 -52.0 -80.0 52.0 272.0 -52.0 -112.0 52.0 
enterocholecystostomy 144.0 104.0 -80.0 -104.0 -64.0 0.0 32.0 0.0 160.0 0.0 -144.0 104.0 64.0 -52.0 80.0 -52.0 16.0 52.0 -208.0 -52.0 48.0 104.0 48.0 -104.0 -112.0 52.0 80.0 -52.0 128.0 0.0 -208.0 52.0 80.0 -52.0 128.0 0.0 -16.0 104.0 -80.0 -104.0 
establishmentarianism -16.0 52.0 80.0 -52.0 -112.0 52.0 160.0 52.0 96.0 -52.0 -48.0 -52.0 -176.0 52.0 128.0 0.0 64.0 52.0 -176.0 -104.0 144.0 104.0 -80.0 -104.0 -112.0 52.0 80.0 -52.0 128.0 0.0 -208.0 52.0 192.0 52.0 16.0 -104.0 -176.0 52.0 192.0 52.0 
gastroenterocolostomy -128.0 0.0 32.0 0.0 80.0 -52.0 -32.0 0.0 160.0 0.0 -192.0 0.0 144.0 104.0 -80.0 -104.0 -64.0 0.0 32.0 0.0 160.0 0.0 -144.0 104.0 144.0 -104.0 16.0 52.0 -16.0 -52.0 -208.0 52.0 80.0 -52.0 128.0 0.0 -16.0 104.0 -80.0 -104.0 
glossolabiopharyngeal 128.0 0.0 -16.0 -52.0 -208.0 52.0 0.0 0.0 208.0 -52.0 16.0 52.0 -256.0 0.0 160.0 52.0 48.0 -104.0 32.0 0.0 32.0 0.0 -112.0 52.0 -160.0 0.0 80.0 -52.0 64.0 0.0 48.0 104.0 -64.0 -52.0 -80.0 -52.0 -48.0 52.0 256.0 0.0 
heterotransplantation -112.0 -52.0 64.0 0.0 -64.0 0.0 32.0 0.0 160.0 0.0 -128.0 0.0 -32.0 0.0 -80.0 52.0 192.0 52.0 -160.0 -52.0 240.0 -52.0 -16.0 52.0 -256.0 0.0 192.0 52.0 -80.0 -104.0 -112.0 52.0 112.0 -52.0 96.0 0.0 32.0 0.0 -48.0 104.0 
hexachlorocyclohexane -112.0 -52.0 16.0 104.0 -64.0 -52.0 96.0 52.0 64.0 -52.0 96.0 0.0 -16.0 -52.0 -160.0 0.0 160.0 0.0 -144.0 104.0 48.0 -104.0 -48.0 104.0 160.0 -52.0 -16.0 -52.0 -80.0 52.0 -112.0 -52.0 16.0 104.0 -64.0 -52.0 192.0 52.0 -144.0 -104.0 
historicogeographical 48.0 -52.0 -176.0 52.0 80.0 -52.0 128.0 0.0 -160.0 0.0 128.0 0.0 -112.0 104.0 144.0 -104.0 -112.0 52.0 -80.0 -52.0 192.0 0.0 -112.0 52.0 -48.0 -52.0 -80.0 52.0 272.0 -52.0 -112.0 52.0 48.0 -52.0 -112.0 104.0 -96.0 -52.0 256.0 0.0 
historicophilosophica 48.0 -52.0 -176.0 52.0 80.0 -52.0 128.0 0.0 -160.0 0.0 128.0 0.0 -112.0 104.0 144.0 -104.0 32.0 0.0 -112.0 52.0 48.0 -52.0 48.0 52.0 -16.0 -52.0 -208.0 52.0 208.0 -52.0 32.0 0.0 -112.0 52.0 48.0 -52.0 -112.0 104.0 -96.0 -52.0 
hypsidolichocephalism -16.0 -52.0 128.0 0.0 -240.0 52.0 176.0 -52.0 -144.0 52.0 176.0 -52.0 16.0 52.0 -48.0 -52.0 -112.0 104.0 64.0 -52.0 80.0 -52.0 -144.0 104.0 -48.0 -104.0 224.0 0.0 -112.0 52.0 -160.0 0.0 256.0 0.0 -48.0 -52.0 -176.0 52.0 192.0 52.0 
indistinguishableness -16.0 104.0 -128.0 -52.0 144.0 -52.0 -176.0 52.0 80.0 -52.0 96.0 0.0 -16.0 104.0 -64.0 -52.0 48.0 -52.0 32.0 0.0 -176.0 52.0 128.0 0.0 -160.0 0.0 160.0 52.0 96.0 -52.0 -208.0 -52.0 144.0 104.0 -144.0 -104.0 -16.0 52.0 0.0 0.0 
intellectualistically -16.0 104.0 -80.0 -104.0 -64.0 0.0 208.0 52.0 0.0 0.0 -208.0 -52.0 48.0 104.0 16.0 -104.0 64.0 0.0 -176.0 52.0 256.0 0.0 -48.0 -52.0 -176.0 52.0 80.0 -52.0 96.0 0.0 -112.0 104.0 -96.0 -52.0 256.0 0.0 0.0 0.0 -112.0 -52.0 
intertransformability -16.0 104.0 -80.0 -104.0 -64.0 0.0 32.0 0.0 32.0 0.0 -32.0 0.0 -80.0 52.0 192.0 52.0 -160.0 -52.0 64.0 0.0 144.0 -52.0 -160.0 0.0 144.0 104.0 -224.0 -52.0 160.0 52.0 48.0 -104.0 48.0 52.0 -48.0 -52.0 -96.0 0.0 32.0 0.0 
labioglossopharyngeal -256.0 0.0 160.0 52.0 48.0 -104.0 32.0 0.0 -112.0 52.0 128.0 0.0 -16.0 -52.0 -208.0 52.0 0.0 0.0 208.0 -52.0 32.0 0.0 -112.0 52.0 -160.0 0.0 80.0 -52.0 64.0 0.0 48.0 104.0 -64.0 -52.0 -80.0 -52.0 -48.0 52.0 256.0 0.0 
mandibulosuspensorial -224.0 -52.0 192.0 52.0 -128.0 -52.0 144.0 -52.0 -48.0 104.0 16.0 -104.0 80.0 52.0 -16.0 -52.0 -208.0 52.0 144.0 -52.0 -144.0 52.0 240.0 -52.0 -224.0 0.0 144.0 104.0 -160.0 -52.0 208.0 -52.0 -160.0 0.0 128.0 0.0 -208.0 52.0 256.0 0.0 
mechanicointellectual -176.0 -104.0 48.0 104.0 64.0 -52.0 -160.0 0.0 192.0 52.0 16.0 -104.0 -112.0 104.0 144.0 -104.0 -32.0 0.0 -16.0 104.0 -80.0 -104.0 -64.0 0.0 208.0 52.0 0.0 0.0 -208.0 -52.0 48.0 104.0 16.0 -104.0 64.0 0.0 -176.0 52.0 256.0 0.0 
membranocartilaginous -176.0 -104.0 176.0 104.0 -64.0 0.0 -80.0 -104.0 -80.0 52.0 192.0 52.0 48.0 -104.0 -144.0 104.0 -96.0 -52.0 80.0 -52.0 32.0 0.0 96.0 0.0 48.0 52.0 -256.0 0.0 128.0 0.0 80.0 -52.0 -16.0 104.0 48.0 -104.0 -64.0 0.0 -144.0 52.0 
microcolorimetrically -16.0 -104.0 -112.0 104.0 -16.0 -104.0 160.0 0.0 -144.0 104.0 144.0 -104.0 16.0 52.0 -16.0 -52.0 -160.0 0.0 128.0 0.0 16.0 104.0 -176.0 -104.0 64.0 0.0 -32.0 0.0 128.0 0.0 -112.0 104.0 -96.0 -52.0 256.0 0.0 0.0 0.0 -112.0 -52.0 
microseismometrograph -16.0 -104.0 -112.0 104.0 -16.0 -104.0 160.0 0.0 -208.0 52.0 16.0 -52.0 160.0 0.0 -176.0 52.0 192.0 52.0 16.0 -104.0 -16.0 104.0 -176.0 -104.0 64.0 0.0 -32.0 0.0 160.0 0.0 -112.0 52.0 -48.0 -52.0 -80.0 52.0 272.0 -52.0 -112.0 52.0 
noninterchangeability 48.0 -104.0 -48.0 104.0 16.0 -104.0 -16.0 104.0 -80.0 -104.0 -64.0 0.0 32.0 0.0 16.0 104.0 64.0 -52.0 -160.0 0.0 192.0 52.0 -64.0 -52.0 -80.0 -52.0 -48.0 52.0 160.0 52.0 48.0 -104.0 48.0 52.0 -48.0 -52.0 -96.0 0.0 32.0 0.0 
otorhinolaryngologist -128.0 0.0 128.0 0.0 -160.0 0.0 80.0 52.0 48.0 -52.0 -16.0 104.0 48.0 -104.0 16.0 52.0 -256.0 0.0 80.0 -52.0 64.0 0.0 48.0 104.0 -64.0 -52.0 112.0 -52.0 16.0 52.0 -16.0 -52.0 -112.0 52.0 80.0 -52.0 -176.0 52.0 80.0 -52.0 
overindustrialization -112.0 104.0 -80.0 -104.0 32.0 0.0 128.0 0.0 -16.0 104.0 -128.0 -52.0 112.0 -52.0 -144.0 52.0 80.0 -52.0 -32.0 0.0 128.0 0.0 -208.0 52.0 256.0 0.0 -48.0 -52.0 -176.0 104.0 -32.0 -52.0 112.0 -52.0 96.0 0.0 32.0 0.0 -48.0 104.0 
palaeodendrologically -272.0 52.0 256.0 0.0 -256.0 0.0 48.0 -52.0 192.0 0.0 -176.0 52.0 -16.0 -52.0 144.0 104.0 -128.0 -52.0 16.0 -52.0 160.0 0.0 16.0 52.0 -16.0 -52.0 -112.0 52.0 80.0 -52.0 -112.0 104.0 -96.0 -52.0 256.0 0.0 0.0 0.0 -112.0 -52.0 
pancreatoduodenectomy -272.0 52.0 192.0 52.0 -96.0 0.0 -16.0 -104.0 -32.0 0.0 -48.0 52.0 112.0 -52.0 128.0 0.0 -176.0 52.0 112.0 -52.0 64.0 0.0 -176.0 52.0 -16.0 -52.0 144.0 104.0 -144.0 -104.0 48.0 104.0 16.0 -104.0 128.0 0.0 -16.0 104.0 -80.0 -104.0 
pathologicoanatomical -272.0 52.0 112.0 -52.0 48.0 52.0 80.0 -52.0 16.0 52.0 -16.0 -52.0 -112.0 52.0 80.0 -52.0 -112.0 104.0 144.0 -104.0 -240.0 52.0 192.0 52.0 -192.0 -52.0 112.0 -52.0 128.0 0.0 -16.0 104.0 -16.0 -104.0 -112.0 104.0 -96.0 -52.0 256.0 0.0 
pentamethylenediamine -224.0 0.0 144.0 104.0 -80.0 -104.0 -112.0 52.0 224.0 52.0 -176.0 -104.0 64.0 0.0 48.0 52.0 -16.0 -52.0 112.0 52.0 -208.0 -52.0 144.0 104.0 -144.0 -104.0 16.0 52.0 144.0 -52.0 -208.0 52.0 224.0 52.0 -16.0 -104.0 -16.0 104.0 -144.0 -104.0 
pharmacoendocrinology -112.0 52.0 -160.0 0.0 80.0 -52.0 144.0 104.0 -224.0 -52.0 96.0 52.0 144.0 -104.0 -192.0 0.0 144.0 104.0 -128.0 -52.0 176.0 -52.0 -144.0 104.0 -16.0 -104.0 128.0 0.0 -16.0 104.0 48.0 -104.0 16.0 52.0 -16.0 -52.0 -112.0 52.0 16.0 -52.0 
pharyngoepiglottidean -112.0 52.0 -160.0 0.0 80.0 -52.0 64.0 0.0 48.0 104.0 -64.0 -52.0 112.0 -52.0 -192.0 0.0 224.0 0.0 -64.0 0.0 -80.0 52.0 128.0 0.0 -16.0 -52.0 -128.0 0.0 0.0 0.0 96.0 0.0 -144.0 52.0 -16.0 -52.0 -48.0 52.0 192.0 52.0 
philosophicoreligious -112.0 52.0 48.0 -52.0 48.0 52.0 -16.0 -52.0 -208.0 52.0 208.0 -52.0 32.0 0.0 -112.0 52.0 48.0 -52.0 -112.0 104.0 144.0 -104.0 -160.0 0.0 -32.0 0.0 208.0 52.0 -48.0 -52.0 -80.0 52.0 80.0 -52.0 32.0 0.0 -64.0 0.0 -144.0 52.0 
phoneticohieroglyphic -112.0 52.0 80.0 -52.0 -48.0 104.0 -144.0 -104.0 64.0 0.0 96.0 0.0 -112.0 104.0 144.0 -104.0 -80.0 52.0 48.0 -52.0 -160.0 0.0 32.0 0.0 160.0 0.0 -112.0 52.0 128.0 0.0 -112.0 -52.0 128.0 0.0 -112.0 52.0 48.0 -52.0 -112.0 104.0 
photochromolithograph -112.0 52.0 80.0 -52.0 -128.0 0.0 128.0 0.0 -144.0 104.0 64.0 -52.0 -80.0 -52.0 160.0 0.0 -16.0 104.0 16.0 -104.0 16.0 52.0 -48.0 -52.0 -96.0 0.0 48.0 52.0 80.0 -52.0 -112.0 52.0 -48.0 -52.0 -80.0 52.0 272.0 -52.0 -112.0 52.0 
platydolichocephalous -16.0 52.0 -256.0 0.0 112.0 -52.0 32.0 0.0 -80.0 52.0 176.0 -52.0 16.0 52.0 -48.0 -52.0 -112.0 104.0 64.0 -52.0 80.0 -52.0 -144.0 104.0 -48.0 -104.0 224.0 0.0 -112.0 52.0 -160.0 0.0 256.0 0.0 -16.0 -52.0 -64.0 0.0 -144.0 52.0 
poliencephalomyelitis -32.0 0.0 16.0 52.0 -48.0 -52.0 -160.0 0.0 144.0 104.0 -96.0 0.0 -48.0 -104.0 224.0 0.0 -112.0 52.0 -160.0 0.0 256.0 0.0 -16.0 -52.0 -16.0 104.0 -80.0 -104.0 -96.0 0.0 208.0 52.0 -48.0 -52.0 -96.0 0.0 96.0 0.0 -176.0 52.0 
poluphloisboiotatotic -32.0 0.0 16.0 52.0 -80.0 -52.0 96.0 0.0 -112.0 52.0 96.0 0.0 -16.0 -52.0 -32.0 0.0 -176.0 52.0 128.0 52.0 80.0 -104.0 -32.0 0.0 32.0 0.0 -128.0 0.0 -112.0 52.0 112.0 -52.0 128.0 0.0 -128.0 0.0 96.0 0.0 -112.0 104.0 
prostatovesiculectomy -192.0 0.0 160.0 0.0 -208.0 52.0 80.0 -52.0 -112.0 52.0 112.0 -52.0 128.0 0.0 -112.0 104.0 -80.0 -104.0 -16.0 52.0 176.0 -52.0 -112.0 104.0 80.0 -104.0 80.0 52.0 -208.0 -52.0 48.0 104.0 16.0 -104.0 128.0 0.0 -16.0 104.0 -80.0 -104.0 
protransubstantiation -192.0 0.0 160.0 0.0 -128.0 0.0 -32.0 0.0 -80.0 52.0 192.0 52.0 -160.0 -52.0 144.0 -52.0 -16.0 104.0 -128.0 -52.0 80.0 -52.0 -112.0 52.0 192.0 52.0 -80.0 -104.0 96.0 0.0 -208.0 52.0 112.0 -52.0 96.0 0.0 32.0 0.0 -48.0 104.0 
pseudoanthropological -240.0 52.0 16.0 -52.0 128.0 0.0 -112.0 52.0 176.0 -52.0 -240.0 52.0 192.0 52.0 -80.0 -104.0 48.0 52.0 -80.0 -52.0 160.0 0.0 32.0 0.0 -32.0 0.0 16.0 52.0 -16.0 -52.0 -112.0 52.0 80.0 -52.0 -112.0 104.0 -96.0 -52.0 256.0 0.0 
pseudohermaphroditism -240.0 52.0 16.0 -52.0 128.0 0.0 -112.0 52.0 176.0 -52.0 -80.0 52.0 -112.0 -52.0 32.0 0.0 144.0 104.0 -224.0 -52.0 272.0 -52.0 -112.0 52.0 -80.0 -52.0 160.0 0.0 -176.0 52.0 144.0 -52.0 -96.0 0.0 96.0 0.0 -176.0 52.0 192.0 52.0 
pseudolamellibranchia -240.0 52.0 16.0 -52.0 128.0 0.0 -112.0 52.0 176.0 -52.0 16.0 52.0 -256.0 0.0 224.0 52.0 -176.0 -104.0 208.0 52.0 0.0 0.0 -48.0 -52.0 -48.0 104.0 -80.0 -104.0 -80.0 52.0 192.0 52.0 -96.0 0.0 64.0 -52.0 48.0 -52.0 -208.0 52.0 
pseudoparthenogenesis -240.0 52.0 16.0 -52.0 128.0 0.0 -112.0 52.0 176.0 -52.0 32.0 0.0 -272.0 52.0 80.0 -52.0 32.0 0.0 48.0 52.0 -112.0 -52.0 144.0 104.0 48.0 -104.0 -112.0 52.0 -80.0 -52.0 144.0 104.0 -144.0 -104.0 -16.0 52.0 176.0 -52.0 -176.0 52.0 
psychophysiologically -240.0 52.0 112.0 -52.0 -48.0 104.0 64.0 -52.0 80.0 -52.0 32.0 0.0 -112.0 52.0 -16.0 -52.0 -112.0 52.0 176.0 -52.0 32.0 0.0 16.0 52.0 -16.0 -52.0 -112.0 52.0 80.0 -52.0 -112.0 104.0 -96.0 -52.0 256.0 0.0 0.0 0.0 -112.0 -52.0 
scientificohistorical 64.0 52.0 112.0 -104.0 -160.0 0.0 144.0 104.0 -80.0 -104.0 96.0 0.0 -112.0 52.0 112.0 -52.0 -112.0 104.0 144.0 -104.0 -80.0 52.0 48.0 -52.0 -176.0 52.0 80.0 -52.0 128.0 0.0 -160.0 0.0 128.0 0.0 -112.0 104.0 -96.0 -52.0 256.0 0.0 
scleroticochoroiditis 64.0 52.0 160.0 -52.0 -208.0 -52.0 32.0 0.0 160.0 0.0 -128.0 0.0 96.0 0.0 -112.0 104.0 144.0 -104.0 -144.0 104.0 64.0 -52.0 80.0 -52.0 -160.0 0.0 160.0 0.0 -32.0 0.0 -144.0 52.0 144.0 -52.0 -96.0 0.0 96.0 0.0 -176.0 52.0 
stereophotomicrograph 80.0 -52.0 -64.0 0.0 32.0 0.0 -32.0 0.0 192.0 0.0 32.0 0.0 -112.0 52.0 80.0 -52.0 -128.0 0.0 128.0 0.0 -16.0 104.0 -16.0 -104.0 -112.0 104.0 -16.0 -104.0 160.0 0.0 -112.0 52.0 -48.0 -52.0 -80.0 52.0 272.0 -52.0 -112.0 52.0 
stereoroentgenography 80.0 -52.0 -64.0 0.0 32.0 0.0 -32.0 0.0 192.0 0.0 -160.0 0.0 160.0 0.0 -192.0 0.0 144.0 104.0 -80.0 -104.0 16.0 52.0 -80.0 -52.0 144.0 104.0 48.0 -104.0 -112.0 52.0 -48.0 -52.0 -80.0 52.0 272.0 -52.0 -112.0 52.0 -16.0 -52.0 
superincomprehensible 144.0 -52.0 96.0 0.0 -224.0 0.0 32.0 0.0 128.0 0.0 -16.0 104.0 -96.0 0.0 144.0 -104.0 -16.0 104.0 48.0 -104.0 -192.0 0.0 -32.0 0.0 112.0 52.0 -112.0 -52.0 144.0 104.0 -160.0 -52.0 176.0 -52.0 -48.0 104.0 96.0 -52.0 -208.0 -52.0 
tessarescaedecahedron -64.0 0.0 -16.0 52.0 0.0 0.0 -32.0 0.0 80.0 -52.0 -32.0 0.0 -16.0 52.0 64.0 52.0 -96.0 -52.0 48.0 -52.0 16.0 52.0 -16.0 -52.0 48.0 104.0 -96.0 -52.0 160.0 0.0 -112.0 -52.0 16.0 52.0 16.0 -52.0 160.0 0.0 -48.0 104.0 
thermophosphorescence 48.0 52.0 -112.0 -52.0 32.0 0.0 144.0 104.0 16.0 -104.0 32.0 0.0 -112.0 52.0 80.0 -52.0 -208.0 52.0 240.0 -52.0 -112.0 52.0 80.0 -52.0 -160.0 0.0 -32.0 0.0 -16.0 52.0 64.0 52.0 -48.0 -104.0 144.0 104.0 -96.0 0.0 -48.0 -104.0 
transubstantiationite -32.0 0.0 -80.0 52.0 192.0 52.0 -160.0 -52.0 144.0 -52.0 -16.0 104.0 -128.0 -52.0 80.0 -52.0 -112.0 52.0 192.0 52.0 -80.0 -104.0 96.0 0.0 -208.0 52.0 112.0 -52.0 96.0 0.0 32.0 0.0 -48.0 104.0 16.0 -104.0 -96.0 0.0 -64.0 0.0 
undistinguishableness 16.0 104.0 -128.0 -52.0 144.0 -52.0 -176.0 52.0 80.0 -52.0 96.0 0.0 -16.0 104.0 -64.0 -52.0 48.0 -52.0 32.0 0.0 -176.0 52.0 128.0 0.0 -160.0 0.0 160.0 52.0 96.0 -52.0 -208.0 -52.0 144.0 104.0 -144.0 -104.0 -16.0 52.0 0.0 0.0 
ureteropyelonephritis -96.0 0.0 -32.0 0.0 64.0 0.0 -64.0 0.0 32.0 0.0 160.0 0.0 32.0 0.0 -128.0 0.0 -96.0 0.0 208.0 52.0 -16.0 -52.0 -48.0 104.0 -144.0 -104.0 224.0 0.0 -112.0 52.0 -80.0 -52.0 128.0 0.0 -96.0 0.0 96.0 0.0 -176.0 52.0 
zygomaticoauricularis 112.0 -104.0 -16.0 52.0 112.0 -52.0 -16.0 104.0 -224.0 -52.0 112.0 -52.0 96.0 0.0 -112.0 104.0 144.0 -104.0 -240.0 52.0 176.0 -52.0 -96.0 0.0 128.0 0.0 -112.0 104.0 80.0 -104.0 80.0 52.0 -256.0 0.0 80.0 -52.0 128.0 0.0 -176.0 52.0 
