abdominohysterotomy 160.0 52.0 -96.0 -52.0 176.0 -52.0 -16.0 104.0 -16.0 -104.0 -16.0 104.0 48.0 -104.0 -80.0 52.0 -16.0 -52.0 -112.0 52.0 80.0 -52.0 -64.0 0.0 32.0 0.0 160.0 0.0 -128.0 0.0 128.0 0.0 -16.0 104.0 -80.0 -104.0 
adenochondrosarcoma 64.0 0.0 -16.0 -52.0 144.0 104.0 48.0 -104.0 -144.0 104.0 64.0 -52.0 80.0 -52.0 -48.0 104.0 -128.0 -52.0 16.0 -52.0 160.0 0.0 -208.0 52.0 -32.0 0.0 80.0 -52.0 16.0 104.0 144.0 -104.0 -16.0 104.0 -224.0 -52.0 
adrenocorticotropic 64.0 0.0 16.0 -52.0 -32.0 0.0 144.0 104.0 48.0 -104.0 -144.0 104.0 144.0 -104.0 -160.0 0.0 32.0 0.0 96.0 0.0 -112.0 104.0 144.0 -104.0 -128.0 0.0 -32.0 0.0 160.0 0.0 32.0 0.0 -64.0 0.0 -112.0 104.0 
ambilateralaterally 224.0 52.0 -64.0 0.0 48.0 -104.0 48.0 52.0 -256.0 0.0 112.0 -52.0 -64.0 0.0 32.0 0.0 -80.0 52.0 256.0 0.0 -256.0 0.0 112.0 -52.0 -64.0 0.0 32.0 0.0 -80.0 52.0 256.0 0.0 0.0 0.0 -112.0 -52.0 
anatomicobiological 192.0 52.0 -192.0 -52.0 112.0 -52.0 128.0 0.0 -16.0 104.0 -16.0 -104.0 -112.0 104.0 144.0 -104.0 -80.0 104.0 48.0 -104.0 32.0 0.0 16.0 52.0 -16.0 -52.0 -112.0 52.0 80.0 -52.0 -112.0 104.0 -96.0 -52.0 256.0 0.0 
anatomicopathologic 192.0 52.0 -192.0 -52.0 112.0 -52.0 128.0 0.0 -16.0 104.0 -16.0 -104.0 -112.0 104.0 144.0 -104.0 32.0 0.0 -272.0 52.0 112.0 -52.0 48.0 52.0 80.0 -52.0 16.0 52.0 -16.0 -52.0 -112.0 52.0 80.0 -52.0 -112.0 104.0 
anatomopathological 192.0 52.0 -192.0 -52.0 112.0 -52.0 128.0 0.0 -16.0 104.0 16.0 -104.0 32.0 0.0 -272.0 52.0 112.0 -52.0 48.0 52.0 80.0 -52.0 16.0 52.0 -16.0 -52.0 -112.0 52.0 80.0 -52.0 -112.0 104.0 -96.0 -52.0 256.0 0.0 
anthropoclimatology 192.0 52.0 -80.0 -104.0 48.0 52.0 -80.0 -52.0 160.0 0.0 32.0 0.0 -32.0 0.0 -144.0 104.0 160.0 -52.0 -48.0 -52.0 16.0 104.0 -224.0 -52.0 112.0 -52.0 128.0 0.0 16.0 52.0 -16.0 -52.0 -112.0 52.0 16.0 -52.0 
anthropodeoxycholic 192.0 52.0 -80.0 -104.0 48.0 52.0 -80.0 -52.0 160.0 0.0 32.0 0.0 -32.0 0.0 -176.0 52.0 -16.0 -52.0 192.0 0.0 -176.0 104.0 80.0 -104.0 -48.0 104.0 64.0 -52.0 80.0 -52.0 16.0 52.0 -48.0 -52.0 -112.0 104.0 
anthropomorphically 192.0 52.0 -80.0 -104.0 48.0 52.0 -80.0 -52.0 160.0 0.0 32.0 0.0 -32.0 0.0 -16.0 104.0 16.0 -104.0 -160.0 0.0 192.0 0.0 -112.0 52.0 48.0 -52.0 -112.0 104.0 -96.0 -52.0 256.0 0.0 0.0 0.0 -112.0 -52.0 
anthropomorphitical 192.0 52.0 -80.0 -104.0 48.0 52.0 -80.0 -52.0 160.0 0.0 32.0 0.0 -32.0 0.0 -16.0 104.0 16.0 -104.0 -160.0 0.0 192.0 0.0 -112.0 52.0 48.0 -52.0 -96.0 0.0 96.0 0.0 -112.0 104.0 -96.0 -52.0 256.0 0.0 
anthroposociologist 192.0 52.0 -80.0 -104.0 48.0 52.0 -80.0 -52.0 160.0 0.0 32.0 0.0 -32.0 0.0 -208.0 52.0 208.0 -52.0 -144.0 104.0 112.0 -104.0 32.0 0.0 16.0 52.0 -16.0 -52.0 -112.0 52.0 80.0 -52.0 -176.0 52.0 80.0 -52.0 
antianthropocentric 192.0 52.0 -80.0 -104.0 96.0 0.0 -208.0 52.0 192.0 52.0 -80.0 -104.0 48.0 52.0 -80.0 -52.0 160.0 0.0 32.0 0.0 -32.0 0.0 -144.0 104.0 -48.0 -104.0 144.0 104.0 -80.0 -104.0 -32.0 0.0 128.0 0.0 -112.0 104.0 
anticonventionalism 192.0 52.0 -80.0 -104.0 96.0 0.0 -112.0 104.0 144.0 -104.0 -48.0 104.0 -64.0 0.0 -80.0 -104.0 144.0 104.0 -80.0 -104.0 96.0 0.0 32.0 0.0 -48.0 104.0 -192.0 -52.0 256.0 0.0 -48.0 -52.0 -176.0 52.0 192.0 52.0 
antimonarchicalness 192.0 52.0 -80.0 -104.0 96.0 0.0 16.0 104.0 16.0 -104.0 -48.0 104.0 -192.0 -52.0 80.0 -52.0 16.0 104.0 64.0 -52.0 48.0 -52.0 -112.0 104.0 -96.0 -52.0 256.0 0.0 -64.0 52.0 -144.0 -104.0 -16.0 52.0 0.0 0.0 
antiparliamentarist 192.0 52.0 -80.0 -104.0 96.0 0.0 64.0 0.0 -272.0 52.0 80.0 -52.0 176.0 52.0 -48.0 -52.0 -208.0 52.0 224.0 52.0 -176.0 -104.0 144.0 104.0 -80.0 -104.0 -112.0 52.0 80.0 -52.0 128.0 0.0 -176.0 52.0 80.0 -52.0 
antisocialistically 192.0 52.0 -80.0 -104.0 96.0 0.0 -176.0 52.0 208.0 -52.0 -144.0 104.0 112.0 -104.0 -208.0 52.0 256.0 0.0 -48.0 -52.0 -176.0 52.0 80.0 -52.0 96.0 0.0 -112.0 104.0 -96.0 -52.0 256.0 0.0 0.0 0.0 -112.0 -52.0 
antisupernaturalism 192.0 52.0 -80.0 -104.0 96.0 0.0 -176.0 52.0 144.0 -52.0 96.0 0.0 -224.0 0.0 32.0 0.0 112.0 104.0 -192.0 -52.0 112.0 -52.0 64.0 0.0 -96.0 0.0 -80.0 52.0 256.0 0.0 -48.0 -52.0 -176.0 52.0 192.0 52.0 
antisupernaturalist 192.0 52.0 -80.0 -104.0 96.0 0.0 -176.0 52.0 144.0 -52.0 96.0 0.0 -224.0 0.0 32.0 0.0 112.0 104.0 -192.0 -52.0 112.0 -52.0 64.0 0.0 -96.0 0.0 -80.0 52.0 256.0 0.0 -48.0 -52.0 -176.0 52.0 80.0 -52.0 
appendicocaecostomy 272.0 -52.0 0.0 0.0 -224.0 0.0 144.0 104.0 -128.0 -52.0 144.0 -52.0 -112.0 104.0 144.0 -104.0 -144.0 104.0 -96.0 -52.0 48.0 -52.0 48.0 104.0 144.0 -104.0 -208.0 52.0 80.0 -52.0 128.0 0.0 -16.0 104.0 -80.0 -104.0 
aristorepublicanism 80.0 -52.0 128.0 0.0 -176.0 52.0 80.0 -52.0 128.0 0.0 -160.0 0.0 -32.0 0.0 224.0 0.0 -96.0 0.0 -16.0 104.0 96.0 -52.0 -48.0 -52.0 -112.0 104.0 -96.0 -52.0 192.0 52.0 16.0 -104.0 -176.0 52.0 192.0 52.0 
astrometeorological 32.0 0.0 80.0 -52.0 -32.0 0.0 160.0 0.0 -16.0 104.0 -176.0 -104.0 64.0 0.0 -64.0 0.0 192.0 0.0 -160.0 0.0 160.0 0.0 16.0 52.0 -16.0 -52.0 -112.0 52.0 80.0 -52.0 -112.0 104.0 -96.0 -52.0 256.0 0.0 
auriculoventricular 176.0 -52.0 -96.0 0.0 128.0 0.0 -112.0 104.0 80.0 -104.0 80.0 52.0 -16.0 -52.0 -112.0 104.0 -80.0 -104.0 144.0 104.0 -80.0 -104.0 -32.0 0.0 128.0 0.0 -112.0 104.0 80.0 -104.0 80.0 52.0 -256.0 0.0 80.0 -52.0 
autobasidiomycetous 176.0 -52.0 -64.0 0.0 128.0 0.0 -80.0 104.0 -160.0 -52.0 32.0 0.0 176.0 -52.0 -144.0 52.0 144.0 -52.0 32.0 0.0 -16.0 104.0 -80.0 -104.0 -48.0 104.0 -48.0 -104.0 64.0 0.0 128.0 0.0 -64.0 0.0 -144.0 52.0 
autocholecystectomy 176.0 -52.0 -64.0 0.0 128.0 0.0 -144.0 104.0 64.0 -52.0 80.0 -52.0 16.0 52.0 -208.0 -52.0 48.0 104.0 48.0 -104.0 -112.0 52.0 80.0 -52.0 -64.0 0.0 48.0 104.0 16.0 -104.0 128.0 0.0 -16.0 104.0 -80.0 -104.0 
autodifferentiation 176.0 -52.0 -64.0 0.0 128.0 0.0 -176.0 52.0 144.0 -52.0 -112.0 52.0 0.0 0.0 -48.0 -52.0 32.0 0.0 -32.0 0.0 144.0 104.0 -80.0 -104.0 96.0 0.0 -208.0 52.0 112.0 -52.0 96.0 0.0 32.0 0.0 -48.0 104.0 
autoschediastically 176.0 -52.0 -64.0 0.0 128.0 0.0 -208.0 52.0 64.0 52.0 64.0 -52.0 -112.0 -52.0 16.0 52.0 144.0 -52.0 -208.0 52.0 32.0 0.0 80.0 -52.0 96.0 0.0 -112.0 104.0 -96.0 -52.0 256.0 0.0 0.0 0.0 -112.0 -52.0 
autostandardization 176.0 -52.0 -64.0 0.0 128.0 0.0 -208.0 52.0 80.0 -52.0 -112.0 52.0 192.0 52.0 -128.0 -52.0 -64.0 0.0 80.0 -52.0 -16.0 52.0 144.0 -52.0 -176.0 104.0 -32.0 -52.0 112.0 -52.0 96.0 0.0 32.0 0.0 -48.0 104.0 
autotransplantation 176.0 -52.0 -64.0 0.0 128.0 0.0 -128.0 0.0 -32.0 0.0 -80.0 52.0 192.0 52.0 -160.0 -52.0 240.0 -52.0 -16.0 52.0 -256.0 0.0 192.0 52.0 -80.0 -104.0 -112.0 52.0 112.0 -52.0 96.0 0.0 32.0 0.0 -48.0 104.0 
azoisobutyronitrile 32.0 52.0 208.0 -104.0 -32.0 0.0 -176.0 52.0 208.0 -52.0 -80.0 104.0 16.0 -104.0 -64.0 0.0 32.0 0.0 -64.0 0.0 160.0 0.0 -48.0 104.0 16.0 -104.0 -96.0 0.0 -32.0 0.0 128.0 0.0 48.0 52.0 -208.0 -52.0 
bacteriotherapeutic -160.0 -52.0 96.0 52.0 16.0 -104.0 -64.0 0.0 32.0 0.0 128.0 0.0 32.0 0.0 -128.0 0.0 48.0 52.0 -112.0 -52.0 32.0 0.0 -80.0 52.0 272.0 -52.0 -224.0 0.0 128.0 0.0 -64.0 0.0 96.0 0.0 -112.0 104.0 
ballistocardiograph -160.0 -52.0 256.0 0.0 0.0 0.0 -48.0 -52.0 -176.0 52.0 80.0 -52.0 128.0 0.0 -144.0 104.0 -96.0 -52.0 80.0 -52.0 -16.0 52.0 144.0 -52.0 32.0 0.0 -112.0 52.0 -48.0 -52.0 -80.0 52.0 272.0 -52.0 -112.0 52.0 
basicytoparaplastin -160.0 -52.0 32.0 0.0 176.0 -52.0 -112.0 104.0 48.0 -104.0 -32.0 0.0 128.0 0.0 32.0 0.0 -272.0 52.0 80.0 -52.0 -80.0 52.0 272.0 -52.0 -16.0 52.0 -256.0 0.0 32.0 0.0 80.0 -52.0 96.0 0.0 -16.0 104.0 
benzophenanthrazine -112.0 -104.0 144.0 104.0 -160.0 0.0 208.0 -104.0 32.0 0.0 -112.0 52.0 -112.0 -52.0 144.0 104.0 -192.0 -52.0 192.0 52.0 -80.0 -104.0 48.0 52.0 -80.0 -52.0 -80.0 52.0 32.0 52.0 176.0 -104.0 -16.0 104.0 -144.0 -104.0 
benzophenanthroline -112.0 -104.0 144.0 104.0 -160.0 0.0 208.0 -104.0 32.0 0.0 -112.0 52.0 -112.0 -52.0 144.0 104.0 -192.0 -52.0 192.0 52.0 -80.0 -104.0 48.0 52.0 -80.0 -52.0 160.0 0.0 16.0 52.0 -48.0 -52.0 -16.0 104.0 -144.0 -104.0 
benzophloroglucinol -112.0 -104.0 144.0 104.0 -160.0 0.0 208.0 -104.0 32.0 0.0 -112.0 52.0 96.0 0.0 -16.0 -52.0 -160.0 0.0 160.0 0.0 -112.0 52.0 128.0 0.0 -80.0 -52.0 -80.0 104.0 112.0 -104.0 -16.0 104.0 48.0 -104.0 16.0 52.0 
benzoxyphenanthrene -112.0 -104.0 144.0 104.0 -160.0 0.0 208.0 -104.0 -176.0 104.0 80.0 -104.0 128.0 0.0 -112.0 52.0 -112.0 -52.0 144.0 104.0 -192.0 -52.0 192.0 52.0 -80.0 -104.0 48.0 52.0 -80.0 -52.0 -32.0 0.0 144.0 104.0 -144.0 -104.0 
biologicohumanistic 48.0 -104.0 32.0 0.0 16.0 52.0 -16.0 -52.0 -112.0 52.0 80.0 -52.0 -112.0 104.0 144.0 -104.0 -80.0 52.0 16.0 -52.0 48.0 104.0 -224.0 -52.0 192.0 52.0 16.0 -104.0 -176.0 52.0 80.0 -52.0 96.0 0.0 -112.0 104.0 
blepharoblennorrhea 96.0 -52.0 -208.0 -52.0 224.0 0.0 -112.0 52.0 -160.0 0.0 80.0 -52.0 160.0 0.0 -80.0 104.0 96.0 -52.0 -208.0 -52.0 144.0 104.0 0.0 0.0 48.0 -104.0 -160.0 0.0 0.0 0.0 80.0 52.0 -112.0 -52.0 -48.0 52.0 
blepharosyndesmitis 96.0 -52.0 -208.0 -52.0 224.0 0.0 -112.0 52.0 -160.0 0.0 80.0 -52.0 160.0 0.0 -208.0 52.0 112.0 -52.0 48.0 104.0 -128.0 -52.0 -16.0 -52.0 -16.0 52.0 192.0 52.0 -16.0 -104.0 -96.0 0.0 96.0 0.0 -176.0 52.0 
brachiofaciolingual -80.0 -104.0 -80.0 52.0 96.0 52.0 64.0 -52.0 48.0 -52.0 32.0 0.0 -144.0 52.0 -96.0 0.0 96.0 52.0 112.0 -104.0 32.0 0.0 16.0 52.0 -48.0 -52.0 -16.0 104.0 -64.0 -52.0 48.0 -52.0 -176.0 52.0 256.0 0.0 
brachycephalization -80.0 -104.0 -80.0 52.0 96.0 52.0 64.0 -52.0 -16.0 -52.0 -48.0 104.0 -48.0 -104.0 224.0 0.0 -112.0 52.0 -160.0 0.0 256.0 0.0 -48.0 -52.0 -176.0 104.0 -32.0 -52.0 112.0 -52.0 96.0 0.0 32.0 0.0 -48.0 104.0 
bronchoconstriction -80.0 -104.0 160.0 0.0 -48.0 104.0 -96.0 0.0 64.0 -52.0 80.0 -52.0 -144.0 104.0 144.0 -104.0 -48.0 104.0 -160.0 -52.0 80.0 -52.0 -32.0 0.0 128.0 0.0 -112.0 104.0 16.0 -104.0 96.0 0.0 32.0 0.0 -48.0 104.0 
bronchomucormycosis -80.0 -104.0 160.0 0.0 -48.0 104.0 -96.0 0.0 64.0 -52.0 80.0 -52.0 -16.0 104.0 -48.0 -104.0 -80.0 104.0 144.0 -104.0 -160.0 0.0 144.0 104.0 -80.0 -104.0 -48.0 104.0 144.0 -104.0 -208.0 52.0 176.0 -52.0 -176.0 52.0 
calcaneoastragaloid -96.0 -52.0 256.0 0.0 -160.0 52.0 -96.0 -52.0 192.0 52.0 -144.0 -104.0 192.0 0.0 -240.0 52.0 32.0 0.0 80.0 -52.0 -32.0 0.0 -80.0 52.0 128.0 0.0 -128.0 0.0 256.0 0.0 -16.0 -52.0 -32.0 0.0 -144.0 52.0 
cardiotrophotherapy -96.0 -52.0 80.0 -52.0 -16.0 52.0 144.0 -52.0 32.0 0.0 -128.0 0.0 -32.0 0.0 160.0 0.0 32.0 0.0 -112.0 52.0 80.0 -52.0 -128.0 0.0 48.0 52.0 -112.0 -52.0 32.0 0.0 -80.0 52.0 272.0 -52.0 -128.0 0.0 
cartilaginification -96.0 -52.0 80.0 -52.0 32.0 0.0 96.0 0.0 48.0 52.0 -256.0 0.0 128.0 0.0 80.0 -52.0 -16.0 104.0 16.0 -104.0 -112.0 52.0 112.0 -52.0 -112.0 104.0 -96.0 -52.0 112.0 -52.0 96.0 0.0 32.0 0.0 -48.0 104.0 
cathodofluorescence -96.0 -52.0 112.0 -52.0 48.0 52.0 80.0 -52.0 -176.0 52.0 176.0 -52.0 -144.0 52.0 160.0 0.0 -80.0 -52.0 64.0 0.0 -160.0 0.0 -32.0 0.0 -16.0 52.0 64.0 52.0 -48.0 -104.0 144.0 104.0 -96.0 0.0 -48.0 -104.0 
cathodoluminescence -96.0 -52.0 112.0 -52.0 48.0 52.0 80.0 -52.0 -176.0 52.0 176.0 -52.0 16.0 52.0 -80.0 -52.0 48.0 104.0 -16.0 -104.0 -16.0 104.0 -144.0 -104.0 -16.0 52.0 64.0 52.0 -48.0 -104.0 144.0 104.0 -96.0 0.0 -48.0 -104.0 
cephalothoracopagus -48.0 -104.0 224.0 0.0 -112.0 52.0 -160.0 0.0 256.0 0.0 -16.0 -52.0 -128.0 0.0 48.0 52.0 80.0 -52.0 -160.0 0.0 -80.0 52.0 96.0 52.0 144.0 -104.0 32.0 0.0 -272.0 52.0 128.0 0.0 48.0 -52.0 -144.0 52.0 
chemicoastrological 64.0 -52.0 -112.0 -52.0 176.0 104.0 -16.0 -104.0 -112.0 104.0 144.0 -104.0 -240.0 52.0 32.0 0.0 80.0 -52.0 -32.0 0.0 160.0 0.0 16.0 52.0 -16.0 -52.0 -112.0 52.0 80.0 -52.0 -112.0 104.0 -96.0 -52.0 256.0 0.0 
chemicoluminescence 64.0 -52.0 -112.0 -52.0 176.0 104.0 -16.0 -104.0 -112.0 104.0 144.0 -104.0 16.0 52.0 -80.0 -52.0 48.0 104.0 -16.0 -104.0 -16.0 104.0 -144.0 -104.0 -16.0 52.0 64.0 52.0 -48.0 -104.0 144.0 104.0 -96.0 0.0 -48.0 -104.0 
chlamydobacteriales 64.0 -52.0 96.0 0.0 -256.0 0.0 224.0 52.0 -80.0 -104.0 -80.0 52.0 176.0 -52.0 -80.0 104.0 -160.0 -52.0 96.0 52.0 16.0 -104.0 -64.0 0.0 32.0 0.0 128.0 0.0 -208.0 52.0 256.0 0.0 -208.0 -52.0 -16.0 52.0 
cholecystocolostomy 64.0 -52.0 80.0 -52.0 16.0 52.0 -208.0 -52.0 48.0 104.0 48.0 -104.0 -112.0 52.0 80.0 -52.0 128.0 0.0 -144.0 104.0 144.0 -104.0 16.0 52.0 -16.0 -52.0 -208.0 52.0 80.0 -52.0 128.0 0.0 -16.0 104.0 -80.0 -104.0 
cholecystoileostomy 64.0 -52.0 80.0 -52.0 16.0 52.0 -208.0 -52.0 48.0 104.0 48.0 -104.0 -112.0 52.0 80.0 -52.0 128.0 0.0 -32.0 0.0 48.0 52.0 -208.0 -52.0 192.0 0.0 -208.0 52.0 80.0 -52.0 128.0 0.0 -16.0 104.0 -80.0 -104.0 
cholecystolithiasis 64.0 -52.0 80.0 -52.0 16.0 52.0 -208.0 -52.0 48.0 104.0 48.0 -104.0 -112.0 52.0 80.0 -52.0 128.0 0.0 16.0 52.0 -48.0 -52.0 -96.0 0.0 48.0 52.0 48.0 -52.0 -208.0 52.0 32.0 0.0 176.0 -52.0 -176.0 52.0 
choledocholithiasis 64.0 -52.0 80.0 -52.0 16.0 52.0 -208.0 -52.0 16.0 52.0 176.0 -52.0 -144.0 104.0 64.0 -52.0 80.0 -52.0 16.0 52.0 -48.0 -52.0 -96.0 0.0 48.0 52.0 48.0 -52.0 -208.0 52.0 32.0 0.0 176.0 -52.0 -176.0 52.0 
choledocholithotomy 64.0 -52.0 80.0 -52.0 16.0 52.0 -208.0 -52.0 16.0 52.0 176.0 -52.0 -144.0 104.0 64.0 -52.0 80.0 -52.0 16.0 52.0 -48.0 -52.0 -96.0 0.0 48.0 52.0 80.0 -52.0 -128.0 0.0 128.0 0.0 -16.0 104.0 -80.0 -104.0 
chondroendothelioma 64.0 -52.0 80.0 -52.0 -48.0 104.0 -128.0 -52.0 16.0 -52.0 160.0 0.0 -192.0 0.0 144.0 104.0 -128.0 -52.0 176.0 -52.0 -128.0 0.0 48.0 52.0 -112.0 -52.0 208.0 52.0 -48.0 -52.0 32.0 0.0 -16.0 104.0 -224.0 -52.0 
christianogentilism 64.0 -52.0 -80.0 -52.0 128.0 0.0 -176.0 52.0 80.0 -52.0 96.0 0.0 -208.0 52.0 192.0 52.0 48.0 -104.0 -112.0 52.0 -80.0 -52.0 144.0 104.0 -80.0 -104.0 96.0 0.0 48.0 52.0 -48.0 -52.0 -176.0 52.0 192.0 52.0 
chromochalcographic 64.0 -52.0 -80.0 -52.0 160.0 0.0 -16.0 104.0 16.0 -104.0 -144.0 104.0 64.0 -52.0 -160.0 0.0 256.0 0.0 -160.0 52.0 144.0 -104.0 -112.0 52.0 -48.0 -52.0 -80.0 52.0 272.0 -52.0 -112.0 52.0 48.0 -52.0 -112.0 104.0 
chronogrammatically 64.0 -52.0 -80.0 -52.0 160.0 0.0 -48.0 104.0 48.0 -104.0 -112.0 52.0 -48.0 -52.0 -80.0 52.0 224.0 52.0 0.0 0.0 -224.0 -52.0 112.0 -52.0 96.0 0.0 -112.0 104.0 -96.0 -52.0 256.0 0.0 0.0 0.0 -112.0 -52.0 
cinematographically 112.0 -104.0 -16.0 104.0 -144.0 -104.0 176.0 104.0 -224.0 -52.0 112.0 -52.0 128.0 0.0 -112.0 52.0 -48.0 -52.0 -80.0 52.0 272.0 -52.0 -112.0 52.0 48.0 -52.0 -112.0 104.0 -96.0 -52.0 256.0 0.0 0.0 0.0 -112.0 -52.0 
circumparallelogram 112.0 -104.0 -128.0 0.0 16.0 104.0 80.0 -104.0 48.0 104.0 48.0 -104.0 -272.0 52.0 80.0 -52.0 -80.0 52.0 256.0 0.0 0.0 0.0 -208.0 -52.0 208.0 52.0 -16.0 -52.0 -112.0 52.0 -48.0 -52.0 -80.0 52.0 224.0 52.0 
circumstantiability 112.0 -104.0 -128.0 0.0 16.0 104.0 80.0 -104.0 48.0 104.0 -192.0 -52.0 80.0 -52.0 -112.0 52.0 192.0 52.0 -80.0 -104.0 96.0 0.0 -208.0 52.0 160.0 52.0 48.0 -104.0 48.0 52.0 -48.0 -52.0 -96.0 0.0 32.0 0.0 
climatotherapeutics 160.0 -52.0 -48.0 -52.0 16.0 104.0 -224.0 -52.0 112.0 -52.0 128.0 0.0 -128.0 0.0 48.0 52.0 -112.0 -52.0 32.0 0.0 -80.0 52.0 272.0 -52.0 -224.0 0.0 128.0 0.0 -64.0 0.0 96.0 0.0 -112.0 104.0 -64.0 -52.0 
clinicopathological 160.0 -52.0 -48.0 -52.0 -16.0 104.0 16.0 -104.0 -112.0 104.0 144.0 -104.0 32.0 0.0 -272.0 52.0 112.0 -52.0 48.0 52.0 80.0 -52.0 16.0 52.0 -16.0 -52.0 -112.0 52.0 80.0 -52.0 -112.0 104.0 -96.0 -52.0 256.0 0.0 
coinstantaneousness 144.0 -104.0 -32.0 0.0 -16.0 104.0 -160.0 -52.0 80.0 -52.0 -112.0 52.0 192.0 52.0 -80.0 -104.0 -112.0 52.0 192.0 52.0 -144.0 -104.0 192.0 0.0 -64.0 0.0 -144.0 52.0 160.0 52.0 -144.0 -104.0 -16.0 52.0 0.0 0.0 
colpoperineorrhaphy 144.0 -104.0 16.0 52.0 16.0 -52.0 -32.0 0.0 32.0 0.0 -224.0 0.0 32.0 0.0 128.0 0.0 -16.0 104.0 -144.0 -104.0 192.0 0.0 -160.0 0.0 0.0 0.0 80.0 52.0 -160.0 0.0 272.0 -52.0 -112.0 52.0 -16.0 -52.0 
contemporaneousness 144.0 -104.0 -48.0 104.0 -80.0 -104.0 -64.0 0.0 176.0 104.0 48.0 -104.0 -32.0 0.0 -160.0 0.0 -80.0 52.0 192.0 52.0 -144.0 -104.0 192.0 0.0 -64.0 0.0 -144.0 52.0 160.0 52.0 -144.0 -104.0 -16.0 52.0 0.0 0.0 
contradistinctively 144.0 -104.0 -48.0 104.0 -80.0 -104.0 -32.0 0.0 -80.0 52.0 64.0 0.0 144.0 -52.0 -176.0 52.0 80.0 -52.0 96.0 0.0 -16.0 104.0 -96.0 0.0 16.0 -104.0 96.0 0.0 -80.0 104.0 -80.0 -104.0 208.0 52.0 -112.0 -52.0 
contraparallelogram 144.0 -104.0 -48.0 104.0 -80.0 -104.0 -32.0 0.0 -80.0 52.0 272.0 -52.0 -272.0 52.0 80.0 -52.0 -80.0 52.0 256.0 0.0 0.0 0.0 -208.0 -52.0 208.0 52.0 -16.0 -52.0 -112.0 52.0 -48.0 -52.0 -80.0 52.0 224.0 52.0 
contrarevolutionary 144.0 -104.0 -48.0 104.0 -80.0 -104.0 -32.0 0.0 -80.0 52.0 80.0 -52.0 -32.0 0.0 80.0 104.0 112.0 -104.0 16.0 52.0 -80.0 -52.0 -64.0 0.0 96.0 0.0 32.0 0.0 -48.0 104.0 -192.0 -52.0 80.0 -52.0 64.0 0.0 
conventionalization 144.0 -104.0 -48.0 104.0 -64.0 0.0 -80.0 -104.0 144.0 104.0 -80.0 -104.0 96.0 0.0 32.0 0.0 -48.0 104.0 -192.0 -52.0 256.0 0.0 -48.0 -52.0 -176.0 104.0 -32.0 -52.0 112.0 -52.0 96.0 0.0 32.0 0.0 -48.0 104.0 
cosmopolitanization 144.0 -104.0 -208.0 52.0 192.0 52.0 16.0 -104.0 32.0 0.0 -32.0 0.0 16.0 52.0 -48.0 -52.0 -96.0 0.0 -112.0 52.0 192.0 52.0 16.0 -104.0 -176.0 104.0 -32.0 -52.0 112.0 -52.0 96.0 0.0 32.0 0.0 -48.0 104.0 
counterannouncement 144.0 -104.0 -64.0 0.0 16.0 104.0 -80.0 -104.0 -64.0 0.0 32.0 0.0 -80.0 52.0 192.0 52.0 0.0 0.0 48.0 -104.0 -64.0 0.0 16.0 104.0 -96.0 0.0 -48.0 -104.0 176.0 104.0 -176.0 -104.0 144.0 104.0 -80.0 -104.0 
counterattractively 144.0 -104.0 -64.0 0.0 16.0 104.0 -80.0 -104.0 -64.0 0.0 32.0 0.0 -80.0 52.0 112.0 -52.0 0.0 0.0 -32.0 0.0 -80.0 52.0 96.0 52.0 16.0 -104.0 96.0 0.0 -80.0 104.0 -80.0 -104.0 208.0 52.0 -112.0 -52.0 
countercondemnation 144.0 -104.0 -64.0 0.0 16.0 104.0 -80.0 -104.0 -64.0 0.0 32.0 0.0 16.0 104.0 144.0 -104.0 -48.0 104.0 -128.0 -52.0 -16.0 -52.0 176.0 104.0 -32.0 0.0 -192.0 -52.0 112.0 -52.0 96.0 0.0 32.0 0.0 -48.0 104.0 
counterexaggeration 144.0 -104.0 -64.0 0.0 16.0 104.0 -80.0 -104.0 -64.0 0.0 32.0 0.0 -32.0 0.0 16.0 104.0 -64.0 -52.0 128.0 0.0 0.0 0.0 -80.0 -52.0 32.0 0.0 -80.0 52.0 112.0 -52.0 96.0 0.0 32.0 0.0 -48.0 104.0 
counterintelligence 144.0 -104.0 -64.0 0.0 16.0 104.0 -80.0 -104.0 -64.0 0.0 32.0 0.0 128.0 0.0 -16.0 104.0 -80.0 -104.0 -64.0 0.0 208.0 52.0 0.0 0.0 -48.0 -52.0 -80.0 52.0 -80.0 -52.0 144.0 104.0 -96.0 0.0 -48.0 -104.0 
counterorganization 144.0 -104.0 -64.0 0.0 16.0 104.0 -80.0 -104.0 -64.0 0.0 32.0 0.0 160.0 0.0 -160.0 0.0 48.0 52.0 -128.0 0.0 192.0 52.0 16.0 -104.0 -176.0 104.0 -32.0 -52.0 112.0 -52.0 96.0 0.0 32.0 0.0 -48.0 104.0 
counterpropagandize 144.0 -104.0 -64.0 0.0 16.0 104.0 -80.0 -104.0 -64.0 0.0 32.0 0.0 192.0 0.0 -192.0 0.0 160.0 0.0 32.0 0.0 -272.0 52.0 128.0 0.0 -128.0 0.0 192.0 52.0 -128.0 -52.0 144.0 -52.0 -176.0 104.0 16.0 -104.0 
countertechnicality 144.0 -104.0 -64.0 0.0 16.0 104.0 -80.0 -104.0 -64.0 0.0 32.0 0.0 32.0 0.0 -64.0 0.0 48.0 104.0 64.0 -52.0 32.0 52.0 16.0 -104.0 -112.0 104.0 -96.0 -52.0 256.0 0.0 -48.0 -52.0 -96.0 0.0 32.0 0.0 
countertransference 144.0 -104.0 -64.0 0.0 16.0 104.0 -80.0 -104.0 -64.0 0.0 32.0 0.0 32.0 0.0 -32.0 0.0 -80.0 52.0 192.0 52.0 -160.0 -52.0 64.0 0.0 -48.0 -52.0 32.0 0.0 -32.0 0.0 144.0 104.0 -96.0 0.0 -48.0 -104.0 
craniorhachischisis -16.0 -104.0 -80.0 52.0 192.0 52.0 16.0 -104.0 32.0 0.0 -160.0 0.0 80.0 52.0 -160.0 0.0 96.0 52.0 64.0 -52.0 48.0 -52.0 -176.0 52.0 64.0 52.0 64.0 -52.0 48.0 -52.0 -176.0 52.0 176.0 -52.0 -176.0 52.0 
cyanomethaemoglobin 48.0 -104.0 -144.0 52.0 192.0 52.0 48.0 -104.0 -16.0 104.0 -176.0 -104.0 64.0 0.0 48.0 52.0 -160.0 0.0 48.0 -52.0 176.0 104.0 16.0 -104.0 -112.0 52.0 128.0 0.0 -16.0 -52.0 -80.0 104.0 48.0 -104.0 -16.0 104.0 
cystopyelonephritis 48.0 -104.0 -112.0 52.0 80.0 -52.0 128.0 0.0 32.0 0.0 -128.0 0.0 -96.0 0.0 208.0 52.0 -16.0 -52.0 -48.0 104.0 -144.0 -104.0 224.0 0.0 -112.0 52.0 -80.0 -52.0 128.0 0.0 -96.0 0.0 96.0 0.0 -176.0 52.0 
defunctionalization -16.0 -52.0 48.0 52.0 80.0 -52.0 16.0 104.0 -96.0 0.0 16.0 -104.0 96.0 0.0 32.0 0.0 -48.0 104.0 -192.0 -52.0 256.0 0.0 -48.0 -52.0 -176.0 104.0 -32.0 -52.0 112.0 -52.0 96.0 0.0 32.0 0.0 -48.0 104.0 
deindividualization -16.0 -52.0 160.0 0.0 -16.0 104.0 -128.0 -52.0 144.0 -52.0 -80.0 104.0 80.0 -104.0 -144.0 52.0 112.0 -52.0 -176.0 52.0 256.0 0.0 -48.0 -52.0 -176.0 104.0 -32.0 -52.0 112.0 -52.0 96.0 0.0 32.0 0.0 -48.0 104.0 
deindustrialization -16.0 -52.0 160.0 0.0 -16.0 104.0 -128.0 -52.0 112.0 -52.0 -144.0 52.0 80.0 -52.0 -32.0 0.0 128.0 0.0 -208.0 52.0 256.0 0.0 -48.0 -52.0 -176.0 104.0 -32.0 -52.0 112.0 -52.0 96.0 0.0 32.0 0.0 -48.0 104.0 
dendrochronological -16.0 -52.0 144.0 104.0 -128.0 -52.0 16.0 -52.0 160.0 0.0 -144.0 104.0 64.0 -52.0 -80.0 -52.0 160.0 0.0 -48.0 104.0 48.0 -104.0 16.0 52.0 -16.0 -52.0 -112.0 52.0 80.0 -52.0 -112.0 104.0 -96.0 -52.0 256.0 0.0 
departmentalization -16.0 -52.0 224.0 0.0 -272.0 52.0 80.0 -52.0 32.0 0.0 112.0 104.0 -176.0 -104.0 144.0 104.0 -80.0 -104.0 -112.0 52.0 256.0 0.0 -48.0 -52.0 -176.0 104.0 -32.0 -52.0 112.0 -52.0 96.0 0.0 32.0 0.0 -48.0 104.0 
dermatoheteroplasty -16.0 -52.0 32.0 0.0 144.0 104.0 -224.0 -52.0 112.0 -52.0 128.0 0.0 -80.0 52.0 -112.0 -52.0 64.0 0.0 -64.0 0.0 32.0 0.0 160.0 0.0 32.0 0.0 -16.0 52.0 -256.0 0.0 32.0 0.0 80.0 -52.0 32.0 0.0 
dibromoacetaldehyde 144.0 -52.0 -48.0 104.0 -80.0 -104.0 160.0 0.0 -16.0 104.0 16.0 -104.0 -240.0 52.0 96.0 52.0 -48.0 -104.0 64.0 0.0 -112.0 52.0 256.0 0.0 -192.0 0.0 -16.0 -52.0 112.0 52.0 -16.0 -52.0 -80.0 52.0 -16.0 -52.0 
disadvantageousness 144.0 -52.0 -176.0 52.0 -32.0 0.0 64.0 0.0 64.0 52.0 -128.0 -52.0 192.0 52.0 -80.0 -104.0 -112.0 52.0 128.0 0.0 -80.0 -52.0 192.0 0.0 -64.0 0.0 -144.0 52.0 160.0 52.0 -144.0 -104.0 -16.0 52.0 0.0 0.0 
dishexecontahedroid 144.0 -52.0 -176.0 52.0 128.0 0.0 -112.0 -52.0 16.0 104.0 -16.0 -104.0 48.0 104.0 144.0 -104.0 -48.0 104.0 -80.0 -104.0 -112.0 52.0 160.0 0.0 -112.0 -52.0 16.0 52.0 16.0 -52.0 160.0 0.0 -32.0 0.0 -144.0 52.0 
disproportionalness 144.0 -52.0 -176.0 52.0 240.0 -52.0 -192.0 0.0 160.0 0.0 32.0 0.0 -32.0 0.0 -160.0 0.0 32.0 0.0 96.0 0.0 32.0 0.0 -48.0 104.0 -192.0 -52.0 256.0 0.0 -64.0 52.0 -144.0 -104.0 -16.0 52.0 0.0 0.0 
dissatisfactoriness 144.0 -52.0 -176.0 52.0 0.0 0.0 -32.0 0.0 112.0 -52.0 96.0 0.0 -176.0 52.0 64.0 0.0 -96.0 0.0 96.0 52.0 16.0 -104.0 128.0 0.0 -160.0 0.0 128.0 0.0 -16.0 104.0 -144.0 -104.0 -16.0 52.0 0.0 0.0 
distinguishableness 144.0 -52.0 -176.0 52.0 80.0 -52.0 96.0 0.0 -16.0 104.0 -64.0 -52.0 48.0 -52.0 32.0 0.0 -176.0 52.0 128.0 0.0 -160.0 0.0 160.0 52.0 96.0 -52.0 -208.0 -52.0 144.0 104.0 -144.0 -104.0 -16.0 52.0 0.0 0.0 
dynamometamorphosed 80.0 -52.0 48.0 104.0 -192.0 -52.0 224.0 52.0 16.0 -104.0 -16.0 104.0 -176.0 -104.0 64.0 0.0 -112.0 52.0 224.0 52.0 16.0 -104.0 -160.0 0.0 192.0 0.0 -112.0 52.0 80.0 -52.0 -208.0 52.0 16.0 -52.0 16.0 52.0 
electroamalgamation 208.0 52.0 -208.0 -52.0 48.0 104.0 16.0 -104.0 -32.0 0.0 160.0 0.0 -240.0 52.0 224.0 52.0 -224.0 -52.0 256.0 0.0 -128.0 0.0 -128.0 0.0 224.0 52.0 -224.0 -52.0 112.0 -52.0 96.0 0.0 32.0 0.0 -48.0 104.0 
electrocardiography 208.0 52.0 -208.0 -52.0 48.0 104.0 16.0 -104.0 -32.0 0.0 160.0 0.0 -144.0 104.0 -96.0 -52.0 80.0 -52.0 -16.0 52.0 144.0 -52.0 32.0 0.0 -112.0 52.0 -48.0 -52.0 -80.0 52.0 272.0 -52.0 -112.0 52.0 -16.0 -52.0 
electrocataphoresis 208.0 52.0 -208.0 -52.0 48.0 104.0 16.0 -104.0 -32.0 0.0 160.0 0.0 -144.0 104.0 -96.0 -52.0 112.0 -52.0 -112.0 52.0 272.0 -52.0 -112.0 52.0 80.0 -52.0 -160.0 0.0 -32.0 0.0 -16.0 52.0 176.0 -52.0 -176.0 52.0 
electrocataphoretic 208.0 52.0 -208.0 -52.0 48.0 104.0 16.0 -104.0 -32.0 0.0 160.0 0.0 -144.0 104.0 -96.0 -52.0 112.0 -52.0 -112.0 52.0 272.0 -52.0 -112.0 52.0 80.0 -52.0 -160.0 0.0 -32.0 0.0 64.0 0.0 96.0 0.0 -112.0 104.0 
electrochronometric 208.0 52.0 -208.0 -52.0 48.0 104.0 16.0 -104.0 -32.0 0.0 160.0 0.0 -144.0 104.0 64.0 -52.0 -80.0 -52.0 160.0 0.0 -48.0 104.0 48.0 -104.0 -16.0 104.0 -176.0 -104.0 64.0 0.0 -32.0 0.0 128.0 0.0 -112.0 104.0 
electrohorticulture 208.0 52.0 -208.0 -52.0 48.0 104.0 16.0 -104.0 -32.0 0.0 160.0 0.0 -80.0 52.0 80.0 -52.0 -160.0 0.0 32.0 0.0 96.0 0.0 -112.0 104.0 80.0 -104.0 80.0 52.0 -144.0 -52.0 64.0 0.0 -96.0 0.0 -32.0 0.0 
electroluminescence 208.0 52.0 -208.0 -52.0 48.0 104.0 16.0 -104.0 -32.0 0.0 160.0 0.0 16.0 52.0 -80.0 -52.0 48.0 104.0 -16.0 -104.0 -16.0 104.0 -144.0 -104.0 -16.0 52.0 64.0 52.0 -48.0 -104.0 144.0 104.0 -96.0 0.0 -48.0 -104.0 
electromagnetically 208.0 52.0 -208.0 -52.0 48.0 104.0 16.0 -104.0 -32.0 0.0 160.0 0.0 -16.0 104.0 -224.0 -52.0 128.0 0.0 64.0 52.0 -144.0 -104.0 64.0 0.0 96.0 0.0 -112.0 104.0 -96.0 -52.0 256.0 0.0 0.0 0.0 -112.0 -52.0 
electrometallurgist 208.0 52.0 -208.0 -52.0 48.0 104.0 16.0 -104.0 -32.0 0.0 160.0 0.0 -16.0 104.0 -176.0 -104.0 64.0 0.0 -112.0 52.0 256.0 0.0 0.0 0.0 -80.0 -52.0 -96.0 0.0 48.0 52.0 80.0 -52.0 -176.0 52.0 80.0 -52.0 
electrophototherapy 208.0 52.0 -208.0 -52.0 48.0 104.0 16.0 -104.0 -32.0 0.0 160.0 0.0 32.0 0.0 -112.0 52.0 80.0 -52.0 -128.0 0.0 128.0 0.0 -128.0 0.0 48.0 52.0 -112.0 -52.0 32.0 0.0 -80.0 52.0 272.0 -52.0 -128.0 0.0 
electrophysiologist 208.0 52.0 -208.0 -52.0 48.0 104.0 16.0 -104.0 -32.0 0.0 160.0 0.0 32.0 0.0 -112.0 52.0 -16.0 -52.0 -112.0 52.0 176.0 -52.0 32.0 0.0 16.0 52.0 -16.0 -52.0 -112.0 52.0 80.0 -52.0 -176.0 52.0 80.0 -52.0 
electropsychrometer 208.0 52.0 -208.0 -52.0 48.0 104.0 16.0 -104.0 -32.0 0.0 160.0 0.0 32.0 0.0 -240.0 52.0 112.0 -52.0 -48.0 104.0 64.0 -52.0 -80.0 -52.0 160.0 0.0 -16.0 104.0 -176.0 -104.0 64.0 0.0 -64.0 0.0 32.0 0.0 
electropuncturation 208.0 52.0 -208.0 -52.0 48.0 104.0 16.0 -104.0 -32.0 0.0 160.0 0.0 32.0 0.0 -96.0 0.0 16.0 104.0 -96.0 0.0 16.0 -104.0 64.0 0.0 -96.0 0.0 -80.0 52.0 112.0 -52.0 96.0 0.0 32.0 0.0 -48.0 104.0 
electrosherardizing 208.0 52.0 -208.0 -52.0 48.0 104.0 16.0 -104.0 -32.0 0.0 160.0 0.0 -208.0 52.0 128.0 0.0 -112.0 -52.0 32.0 0.0 -80.0 52.0 80.0 -52.0 -16.0 52.0 144.0 -52.0 -176.0 104.0 176.0 -104.0 -16.0 104.0 -64.0 -52.0 
electrotellurograph 208.0 52.0 -208.0 -52.0 48.0 104.0 16.0 -104.0 -32.0 0.0 160.0 0.0 -128.0 0.0 -64.0 0.0 208.0 52.0 0.0 0.0 -80.0 -52.0 -96.0 0.0 160.0 0.0 -112.0 52.0 -48.0 -52.0 -80.0 52.0 272.0 -52.0 -112.0 52.0 
electrotherapeutics 208.0 52.0 -208.0 -52.0 48.0 104.0 16.0 -104.0 -32.0 0.0 160.0 0.0 -128.0 0.0 48.0 52.0 -112.0 -52.0 32.0 0.0 -80.0 52.0 272.0 -52.0 -224.0 0.0 128.0 0.0 -64.0 0.0 96.0 0.0 -112.0 104.0 -64.0 -52.0 
electrotherapeutist 208.0 52.0 -208.0 -52.0 48.0 104.0 16.0 -104.0 -32.0 0.0 160.0 0.0 -128.0 0.0 48.0 52.0 -112.0 -52.0 32.0 0.0 -80.0 52.0 272.0 -52.0 -224.0 0.0 128.0 0.0 -64.0 0.0 96.0 0.0 -176.0 52.0 80.0 -52.0 
electrothermostatic 208.0 52.0 -208.0 -52.0 48.0 104.0 16.0 -104.0 -32.0 0.0 160.0 0.0 -128.0 0.0 48.0 52.0 -112.0 -52.0 32.0 0.0 144.0 104.0 16.0 -104.0 -208.0 52.0 80.0 -52.0 -112.0 52.0 112.0 -52.0 96.0 0.0 -112.0 104.0 
encephalomeningitis 144.0 104.0 -96.0 0.0 -48.0 -104.0 224.0 0.0 -112.0 52.0 -160.0 0.0 256.0 0.0 -16.0 -52.0 -16.0 104.0 -176.0 -104.0 144.0 104.0 16.0 -104.0 -16.0 104.0 -64.0 -52.0 80.0 -52.0 -96.0 0.0 96.0 0.0 -176.0 52.0 
encephalomyelopathy 144.0 104.0 -96.0 0.0 -48.0 -104.0 224.0 0.0 -112.0 52.0 -160.0 0.0 256.0 0.0 -16.0 -52.0 -16.0 104.0 -80.0 -104.0 -96.0 0.0 208.0 52.0 -16.0 -52.0 32.0 0.0 -272.0 52.0 112.0 -52.0 48.0 52.0 -16.0 -52.0 
equiproportionality -64.0 0.0 192.0 0.0 32.0 0.0 64.0 0.0 -192.0 0.0 160.0 0.0 32.0 0.0 -32.0 0.0 -160.0 0.0 32.0 0.0 96.0 0.0 32.0 0.0 -48.0 104.0 -192.0 -52.0 256.0 0.0 -48.0 -52.0 -96.0 0.0 32.0 0.0 
erythrodegenerative 32.0 0.0 64.0 0.0 -32.0 0.0 48.0 52.0 -80.0 -52.0 160.0 0.0 -176.0 52.0 -16.0 -52.0 80.0 52.0 -80.0 -52.0 144.0 104.0 -144.0 -104.0 32.0 0.0 -80.0 52.0 112.0 -52.0 96.0 0.0 -80.0 104.0 -80.0 -104.0 
esophagogastroscopy -16.0 52.0 208.0 -52.0 32.0 0.0 -112.0 52.0 -160.0 0.0 128.0 0.0 112.0 -52.0 -112.0 52.0 -128.0 0.0 32.0 0.0 80.0 -52.0 -32.0 0.0 160.0 0.0 -208.0 52.0 64.0 52.0 144.0 -104.0 32.0 0.0 -128.0 0.0 
esophagogastrostomy -16.0 52.0 208.0 -52.0 32.0 0.0 -112.0 52.0 -160.0 0.0 128.0 0.0 112.0 -52.0 -112.0 52.0 -128.0 0.0 32.0 0.0 80.0 -52.0 -32.0 0.0 160.0 0.0 -208.0 52.0 80.0 -52.0 128.0 0.0 -16.0 104.0 -80.0 -104.0 
ethnogeographically 64.0 0.0 48.0 52.0 32.0 52.0 48.0 -104.0 -112.0 52.0 -80.0 -52.0 192.0 0.0 -112.0 52.0 -48.0 -52.0 -80.0 52.0 272.0 -52.0 -112.0 52.0 48.0 -52.0 -112.0 104.0 -96.0 -52.0 256.0 0.0 0.0 0.0 -112.0 -52.0 
eulamellibranchiata 128.0 0.0 80.0 52.0 -256.0 0.0 224.0 52.0 -176.0 -104.0 208.0 52.0 0.0 0.0 -48.0 -52.0 -48.0 104.0 -80.0 -104.0 -80.0 52.0 192.0 52.0 -96.0 0.0 64.0 -52.0 48.0 -52.0 -208.0 52.0 112.0 -52.0 -112.0 52.0 
excrementitiousness 16.0 104.0 32.0 0.0 -16.0 -104.0 -32.0 0.0 176.0 104.0 -176.0 -104.0 144.0 104.0 -80.0 -104.0 96.0 0.0 -96.0 0.0 96.0 0.0 32.0 0.0 -64.0 0.0 -144.0 52.0 160.0 52.0 -144.0 -104.0 -16.0 52.0 0.0 0.0 
extraconstitutional 16.0 104.0 48.0 -104.0 -32.0 0.0 -80.0 52.0 96.0 52.0 144.0 -104.0 -48.0 104.0 -160.0 -52.0 80.0 -52.0 96.0 0.0 -96.0 0.0 64.0 0.0 -64.0 0.0 96.0 0.0 32.0 0.0 -48.0 104.0 -192.0 -52.0 256.0 0.0 
extraterritoriality 16.0 104.0 48.0 -104.0 -32.0 0.0 -80.0 52.0 112.0 -52.0 -64.0 0.0 32.0 0.0 0.0 0.0 128.0 0.0 -96.0 0.0 128.0 0.0 -160.0 0.0 128.0 0.0 -208.0 52.0 256.0 0.0 -48.0 -52.0 -96.0 0.0 32.0 0.0 
facioscapulohumeral -96.0 0.0 96.0 52.0 112.0 -104.0 32.0 0.0 -208.0 52.0 64.0 52.0 -96.0 -52.0 272.0 -52.0 -96.0 0.0 80.0 52.0 -16.0 -52.0 -80.0 52.0 16.0 -52.0 48.0 104.0 -176.0 -104.0 32.0 0.0 -80.0 52.0 256.0 0.0 
faradocontractility -96.0 0.0 80.0 -52.0 -80.0 52.0 64.0 0.0 176.0 -52.0 -144.0 104.0 144.0 -104.0 -48.0 104.0 -80.0 -104.0 -32.0 0.0 -80.0 52.0 96.0 52.0 16.0 -104.0 96.0 0.0 48.0 52.0 -48.0 -52.0 -96.0 0.0 32.0 0.0 
galvanofaradization -128.0 0.0 256.0 0.0 -128.0 52.0 -128.0 -52.0 192.0 52.0 48.0 -104.0 -144.0 52.0 -96.0 0.0 80.0 -52.0 -80.0 52.0 64.0 0.0 144.0 -52.0 -176.0 104.0 -32.0 -52.0 112.0 -52.0 96.0 0.0 32.0 0.0 -48.0 104.0 
gastroalbuminorrhea -128.0 0.0 32.0 0.0 80.0 -52.0 -32.0 0.0 160.0 0.0 -240.0 52.0 256.0 0.0 -96.0 52.0 16.0 -104.0 48.0 104.0 -16.0 -104.0 -16.0 104.0 48.0 -104.0 -160.0 0.0 0.0 0.0 80.0 52.0 -112.0 -52.0 -48.0 52.0 
gastrodiaphanoscopy -128.0 0.0 32.0 0.0 80.0 -52.0 -32.0 0.0 160.0 0.0 -176.0 52.0 144.0 -52.0 -208.0 52.0 272.0 -52.0 -112.0 52.0 -160.0 0.0 192.0 52.0 48.0 -104.0 -208.0 52.0 64.0 52.0 144.0 -104.0 32.0 0.0 -128.0 0.0 
gastroenterocolitis -128.0 0.0 32.0 0.0 80.0 -52.0 -32.0 0.0 160.0 0.0 -192.0 0.0 144.0 104.0 -80.0 -104.0 -64.0 0.0 32.0 0.0 160.0 0.0 -144.0 104.0 144.0 -104.0 16.0 52.0 -48.0 -52.0 -96.0 0.0 96.0 0.0 -176.0 52.0 
gastroenterological -128.0 0.0 32.0 0.0 80.0 -52.0 -32.0 0.0 160.0 0.0 -192.0 0.0 144.0 104.0 -80.0 -104.0 -64.0 0.0 32.0 0.0 160.0 0.0 16.0 52.0 -16.0 -52.0 -112.0 52.0 80.0 -52.0 -112.0 104.0 -96.0 -52.0 256.0 0.0 
gastroesophagostomy -128.0 0.0 32.0 0.0 80.0 -52.0 -32.0 0.0 160.0 0.0 -192.0 0.0 -16.0 52.0 208.0 -52.0 32.0 0.0 -112.0 52.0 -160.0 0.0 128.0 0.0 112.0 -52.0 -208.0 52.0 80.0 -52.0 128.0 0.0 -16.0 104.0 -80.0 -104.0 
glossoepiglottidean 128.0 0.0 -16.0 -52.0 -208.0 52.0 0.0 0.0 208.0 -52.0 -192.0 0.0 224.0 0.0 -64.0 0.0 -80.0 52.0 128.0 0.0 -16.0 -52.0 -128.0 0.0 0.0 0.0 96.0 0.0 -144.0 52.0 -16.0 -52.0 -48.0 52.0 192.0 52.0 
helminthocladiaceae -112.0 -52.0 208.0 52.0 -32.0 52.0 -16.0 -104.0 -16.0 104.0 -80.0 -104.0 48.0 52.0 80.0 -52.0 -144.0 104.0 160.0 -52.0 -256.0 0.0 64.0 0.0 144.0 -52.0 -208.0 52.0 96.0 52.0 -48.0 -104.0 -48.0 52.0 48.0 -52.0 
hematoporphyrinuria -112.0 -52.0 176.0 104.0 -224.0 -52.0 112.0 -52.0 128.0 0.0 32.0 0.0 -32.0 0.0 -160.0 0.0 192.0 0.0 -112.0 52.0 -16.0 -52.0 -64.0 0.0 128.0 0.0 -16.0 104.0 -16.0 -104.0 -96.0 0.0 128.0 0.0 -208.0 52.0 
hepaticoenterostomy -112.0 -52.0 224.0 0.0 -272.0 52.0 112.0 -52.0 96.0 0.0 -112.0 104.0 144.0 -104.0 -192.0 0.0 144.0 104.0 -80.0 -104.0 -64.0 0.0 32.0 0.0 160.0 0.0 -208.0 52.0 80.0 -52.0 128.0 0.0 -16.0 104.0 -80.0 -104.0 
hepaticogastrostomy -112.0 -52.0 224.0 0.0 -272.0 52.0 112.0 -52.0 96.0 0.0 -112.0 104.0 144.0 -104.0 -112.0 52.0 -128.0 0.0 32.0 0.0 80.0 -52.0 -32.0 0.0 160.0 0.0 -208.0 52.0 80.0 -52.0 128.0 0.0 -16.0 104.0 -80.0 -104.0 
hesperornithiformes -112.0 -52.0 -16.0 52.0 240.0 -52.0 -224.0 0.0 32.0 0.0 160.0 0.0 -160.0 0.0 112.0 104.0 16.0 -104.0 -96.0 0.0 48.0 52.0 48.0 -52.0 -112.0 52.0 144.0 -52.0 -160.0 0.0 144.0 104.0 -176.0 -104.0 -16.0 52.0 
heterofertilization -112.0 -52.0 64.0 0.0 -64.0 0.0 32.0 0.0 160.0 0.0 -144.0 52.0 -48.0 -52.0 32.0 0.0 32.0 0.0 96.0 0.0 48.0 52.0 -48.0 -52.0 -176.0 104.0 -32.0 -52.0 112.0 -52.0 96.0 0.0 32.0 0.0 -48.0 104.0 
historiographership 48.0 -52.0 -176.0 52.0 80.0 -52.0 128.0 0.0 -160.0 0.0 128.0 0.0 32.0 0.0 -112.0 52.0 -48.0 -52.0 -80.0 52.0 272.0 -52.0 -112.0 52.0 -112.0 -52.0 32.0 0.0 -48.0 52.0 128.0 0.0 48.0 -52.0 64.0 0.0 
historiographically 48.0 -52.0 -176.0 52.0 80.0 -52.0 128.0 0.0 -160.0 0.0 128.0 0.0 32.0 0.0 -112.0 52.0 -48.0 -52.0 -80.0 52.0 272.0 -52.0 -112.0 52.0 48.0 -52.0 -112.0 104.0 -96.0 -52.0 256.0 0.0 0.0 0.0 -112.0 -52.0 
homotransplantation 80.0 -52.0 -16.0 104.0 16.0 -104.0 -128.0 0.0 -32.0 0.0 -80.0 52.0 192.0 52.0 -160.0 -52.0 240.0 -52.0 -16.0 52.0 -256.0 0.0 192.0 52.0 -80.0 -104.0 -112.0 52.0 112.0 -52.0 96.0 0.0 32.0 0.0 -48.0 104.0 
hydatopneumatolytic -16.0 -52.0 -80.0 52.0 -64.0 0.0 112.0 -52.0 128.0 0.0 32.0 0.0 -80.0 104.0 -144.0 -104.0 128.0 0.0 48.0 104.0 -224.0 -52.0 112.0 -52.0 128.0 0.0 16.0 52.0 -112.0 -52.0 -32.0 0.0 96.0 0.0 -112.0 104.0 
hydrochlorplatinous -16.0 -52.0 -80.0 52.0 16.0 -52.0 160.0 0.0 -144.0 104.0 64.0 -52.0 96.0 0.0 -16.0 -52.0 -160.0 0.0 192.0 0.0 -16.0 52.0 -256.0 0.0 112.0 -52.0 96.0 0.0 -16.0 104.0 48.0 -104.0 -64.0 0.0 -144.0 52.0 
hydrometeorological -16.0 -52.0 -80.0 52.0 16.0 -52.0 160.0 0.0 -16.0 104.0 -176.0 -104.0 64.0 0.0 -64.0 0.0 192.0 0.0 -160.0 0.0 160.0 0.0 16.0 52.0 -16.0 -52.0 -112.0 52.0 80.0 -52.0 -112.0 104.0 -96.0 -52.0 256.0 0.0 
hyperarchaeological -16.0 -52.0 128.0 0.0 -224.0 0.0 32.0 0.0 -80.0 52.0 80.0 -52.0 16.0 104.0 64.0 -52.0 -160.0 0.0 48.0 -52.0 192.0 0.0 16.0 52.0 -16.0 -52.0 -112.0 52.0 80.0 -52.0 -112.0 104.0 -96.0 -52.0 256.0 0.0 
hyperbrachycephalic -16.0 -52.0 128.0 0.0 -224.0 0.0 32.0 0.0 80.0 104.0 -80.0 -104.0 -80.0 52.0 96.0 52.0 64.0 -52.0 -16.0 -52.0 -48.0 104.0 -48.0 -104.0 224.0 0.0 -112.0 52.0 -160.0 0.0 256.0 0.0 -48.0 -52.0 -112.0 104.0 
hyperconstitutional -16.0 -52.0 128.0 0.0 -224.0 0.0 32.0 0.0 16.0 104.0 144.0 -104.0 -48.0 104.0 -160.0 -52.0 80.0 -52.0 96.0 0.0 -96.0 0.0 64.0 0.0 -64.0 0.0 96.0 0.0 32.0 0.0 -48.0 104.0 -192.0 -52.0 256.0 0.0 
hyperdimensionality -16.0 -52.0 128.0 0.0 -224.0 0.0 32.0 0.0 -16.0 52.0 144.0 -52.0 16.0 104.0 -176.0 -104.0 144.0 104.0 -160.0 -52.0 176.0 -52.0 32.0 0.0 -48.0 104.0 -192.0 -52.0 256.0 0.0 -48.0 -52.0 -96.0 0.0 32.0 0.0 
hyperdolichocephaly -16.0 -52.0 128.0 0.0 -224.0 0.0 32.0 0.0 -16.0 52.0 176.0 -52.0 16.0 52.0 -48.0 -52.0 -112.0 104.0 64.0 -52.0 80.0 -52.0 -144.0 104.0 -48.0 -104.0 224.0 0.0 -112.0 52.0 -160.0 0.0 256.0 0.0 -112.0 -52.0 
hyperdolichocranial -16.0 -52.0 128.0 0.0 -224.0 0.0 32.0 0.0 -16.0 52.0 176.0 -52.0 16.0 52.0 -48.0 -52.0 -112.0 104.0 64.0 -52.0 80.0 -52.0 -144.0 104.0 -16.0 -104.0 -80.0 52.0 192.0 52.0 16.0 -104.0 -208.0 52.0 256.0 0.0 
hyperhemoglobinemia -16.0 -52.0 128.0 0.0 -224.0 0.0 32.0 0.0 80.0 52.0 -112.0 -52.0 176.0 104.0 16.0 -104.0 -112.0 52.0 128.0 0.0 -16.0 -52.0 -80.0 104.0 48.0 -104.0 -16.0 104.0 -144.0 -104.0 176.0 104.0 -16.0 -104.0 -208.0 52.0 
hyperinsulinization -16.0 -52.0 128.0 0.0 -224.0 0.0 32.0 0.0 128.0 0.0 -16.0 104.0 -160.0 -52.0 144.0 -52.0 80.0 52.0 -48.0 -52.0 -16.0 104.0 16.0 -104.0 -176.0 104.0 -32.0 -52.0 112.0 -52.0 96.0 0.0 32.0 0.0 -48.0 104.0 
hyperspiritualizing -16.0 -52.0 128.0 0.0 -224.0 0.0 32.0 0.0 -48.0 52.0 240.0 -52.0 -64.0 0.0 -128.0 0.0 128.0 0.0 -96.0 0.0 64.0 0.0 -176.0 52.0 256.0 0.0 -48.0 -52.0 -176.0 104.0 176.0 -104.0 -16.0 104.0 -64.0 -52.0 
hypersuggestibility -16.0 -52.0 128.0 0.0 -224.0 0.0 32.0 0.0 -48.0 52.0 144.0 -52.0 -48.0 52.0 0.0 0.0 -80.0 -52.0 -16.0 52.0 80.0 -52.0 96.0 0.0 -48.0 104.0 48.0 -104.0 48.0 52.0 -48.0 -52.0 -96.0 0.0 32.0 0.0 
hypersusceptibility -16.0 -52.0 128.0 0.0 -224.0 0.0 32.0 0.0 -48.0 52.0 144.0 -52.0 -144.0 52.0 64.0 52.0 -48.0 -104.0 224.0 0.0 -160.0 0.0 96.0 0.0 -48.0 104.0 48.0 -104.0 48.0 52.0 -48.0 -52.0 -96.0 0.0 32.0 0.0 
hyperthyroidization -16.0 -52.0 128.0 0.0 -224.0 0.0 32.0 0.0 32.0 0.0 48.0 52.0 -16.0 -52.0 -64.0 0.0 160.0 0.0 -32.0 0.0 -144.0 52.0 144.0 -52.0 -176.0 104.0 -32.0 -52.0 112.0 -52.0 96.0 0.0 32.0 0.0 -48.0 104.0 
hypertridimensional -16.0 -52.0 128.0 0.0 -224.0 0.0 32.0 0.0 32.0 0.0 -32.0 0.0 128.0 0.0 -144.0 52.0 144.0 -52.0 16.0 104.0 -176.0 -104.0 144.0 104.0 -160.0 -52.0 176.0 -52.0 32.0 0.0 -48.0 104.0 -192.0 -52.0 256.0 0.0 
hypocraterimorphous -16.0 -52.0 128.0 0.0 -32.0 0.0 -144.0 104.0 -16.0 -104.0 -80.0 52.0 112.0 -52.0 -64.0 0.0 32.0 0.0 128.0 0.0 16.0 104.0 16.0 -104.0 -160.0 0.0 192.0 0.0 -112.0 52.0 80.0 -52.0 -64.0 0.0 -144.0 52.0 
hypsibrachycephalic -16.0 -52.0 128.0 0.0 -240.0 52.0 176.0 -52.0 -48.0 104.0 -80.0 -104.0 -80.0 52.0 96.0 52.0 64.0 -52.0 -16.0 -52.0 -48.0 104.0 -48.0 -104.0 224.0 0.0 -112.0 52.0 -160.0 0.0 256.0 0.0 -48.0 -52.0 -112.0 104.0 
hypsidolichocephaly -16.0 -52.0 128.0 0.0 -240.0 52.0 176.0 -52.0 -144.0 52.0 176.0 -52.0 16.0 52.0 -48.0 -52.0 -112.0 104.0 64.0 -52.0 80.0 -52.0 -144.0 104.0 -48.0 -104.0 224.0 0.0 -112.0 52.0 -160.0 0.0 256.0 0.0 -112.0 -52.0 
hypsiprymnodontinae -16.0 -52.0 128.0 0.0 -240.0 52.0 176.0 -52.0 64.0 0.0 -192.0 0.0 64.0 0.0 80.0 104.0 -32.0 0.0 48.0 -104.0 -176.0 52.0 176.0 -52.0 -48.0 104.0 -80.0 -104.0 96.0 0.0 -16.0 104.0 -192.0 -52.0 48.0 -52.0 
hypsistenocephalism -16.0 -52.0 128.0 0.0 -240.0 52.0 176.0 -52.0 -176.0 52.0 80.0 -52.0 -64.0 0.0 144.0 104.0 48.0 -104.0 -144.0 104.0 -48.0 -104.0 224.0 0.0 -112.0 52.0 -160.0 0.0 256.0 0.0 -48.0 -52.0 -176.0 52.0 192.0 52.0 
hysteroneurasthenia -16.0 -52.0 -112.0 52.0 80.0 -52.0 -64.0 0.0 32.0 0.0 160.0 0.0 -48.0 104.0 -144.0 -104.0 128.0 0.0 -96.0 0.0 -80.0 52.0 32.0 0.0 80.0 -52.0 48.0 52.0 -112.0 -52.0 144.0 104.0 16.0 -104.0 -208.0 52.0 
ichthyopaleontology -112.0 104.0 64.0 -52.0 -48.0 -52.0 48.0 52.0 -16.0 -52.0 96.0 0.0 32.0 0.0 -272.0 52.0 256.0 0.0 -208.0 -52.0 192.0 0.0 -48.0 104.0 -80.0 -104.0 128.0 0.0 16.0 52.0 -16.0 -52.0 -112.0 52.0 16.0 -52.0 
ichthyornithiformes -112.0 104.0 64.0 -52.0 -48.0 -52.0 48.0 52.0 -16.0 -52.0 96.0 0.0 -160.0 0.0 112.0 104.0 16.0 -104.0 -96.0 0.0 48.0 52.0 48.0 -52.0 -112.0 52.0 144.0 -52.0 -160.0 0.0 144.0 104.0 -176.0 -104.0 -16.0 52.0 
impossibilification 16.0 104.0 48.0 -104.0 -32.0 0.0 -208.0 52.0 0.0 0.0 176.0 -52.0 -48.0 104.0 48.0 -104.0 48.0 52.0 -48.0 -52.0 -112.0 52.0 112.0 -52.0 -112.0 104.0 -96.0 -52.0 112.0 -52.0 96.0 0.0 32.0 0.0 -48.0 104.0 
impressionistically 16.0 104.0 48.0 -104.0 -192.0 0.0 -32.0 0.0 -16.0 52.0 0.0 0.0 176.0 -52.0 32.0 0.0 -48.0 104.0 16.0 -104.0 -176.0 52.0 80.0 -52.0 96.0 0.0 -112.0 104.0 -96.0 -52.0 256.0 0.0 0.0 0.0 -112.0 -52.0 
inauthoritativeness -16.0 104.0 -192.0 -52.0 176.0 -52.0 -64.0 0.0 48.0 52.0 80.0 -52.0 -160.0 0.0 128.0 0.0 -96.0 0.0 -112.0 52.0 112.0 -52.0 96.0 0.0 -80.0 104.0 -80.0 -104.0 144.0 104.0 -144.0 -104.0 -16.0 52.0 0.0 0.0 
incommensurableness -16.0 104.0 -96.0 0.0 144.0 -104.0 -16.0 104.0 0.0 0.0 -176.0 -104.0 144.0 104.0 -160.0 -52.0 144.0 -52.0 -96.0 0.0 -80.0 52.0 160.0 52.0 96.0 -52.0 -208.0 -52.0 144.0 104.0 -144.0 -104.0 -16.0 52.0 0.0 0.0 
incommunicativeness -16.0 104.0 -96.0 0.0 144.0 -104.0 -16.0 104.0 0.0 0.0 -48.0 -104.0 16.0 104.0 16.0 -104.0 -112.0 104.0 -96.0 -52.0 112.0 -52.0 96.0 0.0 -80.0 104.0 -80.0 -104.0 144.0 104.0 -144.0 -104.0 -16.0 52.0 0.0 0.0 
incompassionateness -16.0 104.0 -96.0 0.0 144.0 -104.0 -16.0 104.0 48.0 -104.0 -272.0 52.0 32.0 0.0 0.0 0.0 176.0 -52.0 32.0 0.0 -48.0 104.0 -192.0 -52.0 112.0 -52.0 -64.0 0.0 144.0 104.0 -144.0 -104.0 -16.0 52.0 0.0 0.0 
incomprehensibility -16.0 104.0 -96.0 0.0 144.0 -104.0 -16.0 104.0 48.0 -104.0 -192.0 0.0 -32.0 0.0 112.0 52.0 -112.0 -52.0 144.0 104.0 -160.0 -52.0 176.0 -52.0 -48.0 104.0 48.0 -104.0 48.0 52.0 -48.0 -52.0 -96.0 0.0 32.0 0.0 
incomprehensiveness -16.0 104.0 -96.0 0.0 144.0 -104.0 -16.0 104.0 48.0 -104.0 -192.0 0.0 -32.0 0.0 112.0 52.0 -112.0 -52.0 144.0 104.0 -160.0 -52.0 176.0 -52.0 -80.0 104.0 -80.0 -104.0 144.0 104.0 -144.0 -104.0 -16.0 52.0 0.0 0.0 
incontrovertibility -16.0 104.0 -96.0 0.0 144.0 -104.0 -48.0 104.0 -80.0 -104.0 -32.0 0.0 160.0 0.0 -112.0 104.0 -80.0 -104.0 32.0 0.0 32.0 0.0 96.0 0.0 -48.0 104.0 48.0 -104.0 48.0 52.0 -48.0 -52.0 -96.0 0.0 32.0 0.0 
individualistically -16.0 104.0 -128.0 -52.0 144.0 -52.0 -80.0 104.0 80.0 -104.0 -144.0 52.0 112.0 -52.0 -176.0 52.0 256.0 0.0 -48.0 -52.0 -176.0 52.0 80.0 -52.0 96.0 0.0 -112.0 104.0 -96.0 -52.0 256.0 0.0 0.0 0.0 -112.0 -52.0 
integrodifferential -16.0 104.0 -80.0 -104.0 -64.0 0.0 80.0 52.0 -48.0 -52.0 160.0 0.0 -176.0 52.0 144.0 -52.0 -112.0 52.0 0.0 0.0 -48.0 -52.0 32.0 0.0 -32.0 0.0 144.0 104.0 -80.0 -104.0 96.0 0.0 -208.0 52.0 256.0 0.0 
intellectualization -16.0 104.0 -80.0 -104.0 -64.0 0.0 208.0 52.0 0.0 0.0 -208.0 -52.0 48.0 104.0 16.0 -104.0 64.0 0.0 -176.0 52.0 256.0 0.0 -48.0 -52.0 -176.0 104.0 -32.0 -52.0 112.0 -52.0 96.0 0.0 32.0 0.0 -48.0 104.0 
interchangeableness -16.0 104.0 -80.0 -104.0 -64.0 0.0 32.0 0.0 16.0 104.0 64.0 -52.0 -160.0 0.0 192.0 52.0 -64.0 -52.0 -80.0 -52.0 -48.0 52.0 160.0 52.0 96.0 -52.0 -208.0 -52.0 144.0 104.0 -144.0 -104.0 -16.0 52.0 0.0 0.0 
interconvertibility -16.0 104.0 -80.0 -104.0 -64.0 0.0 32.0 0.0 16.0 104.0 144.0 -104.0 -48.0 104.0 -64.0 0.0 -80.0 -104.0 32.0 0.0 32.0 0.0 96.0 0.0 -48.0 104.0 48.0 -104.0 48.0 52.0 -48.0 -52.0 -96.0 0.0 32.0 0.0 
interdenominational -16.0 104.0 -80.0 -104.0 -64.0 0.0 32.0 0.0 -16.0 52.0 -16.0 -52.0 144.0 104.0 48.0 -104.0 -16.0 104.0 -16.0 -104.0 -16.0 104.0 -192.0 -52.0 112.0 -52.0 96.0 0.0 32.0 0.0 -48.0 104.0 -192.0 -52.0 256.0 0.0 
interdepartmentally -16.0 104.0 -80.0 -104.0 -64.0 0.0 32.0 0.0 -16.0 52.0 -16.0 -52.0 224.0 0.0 -272.0 52.0 80.0 -52.0 32.0 0.0 112.0 104.0 -176.0 -104.0 144.0 104.0 -80.0 -104.0 -112.0 52.0 256.0 0.0 0.0 0.0 -112.0 -52.0 
intermeddlesomeness -16.0 104.0 -80.0 -104.0 -64.0 0.0 32.0 0.0 144.0 104.0 -176.0 -104.0 16.0 52.0 0.0 0.0 192.0 0.0 -208.0 -52.0 -16.0 52.0 208.0 -52.0 -16.0 104.0 -176.0 -104.0 144.0 104.0 -144.0 -104.0 -16.0 52.0 0.0 0.0 
interresponsibility -16.0 104.0 -80.0 -104.0 -64.0 0.0 32.0 0.0 0.0 0.0 -32.0 0.0 -16.0 52.0 240.0 -52.0 -32.0 0.0 -48.0 104.0 -160.0 -52.0 176.0 -52.0 -48.0 104.0 48.0 -104.0 48.0 52.0 -48.0 -52.0 -96.0 0.0 32.0 0.0 
interstratification -16.0 104.0 -80.0 -104.0 -64.0 0.0 32.0 0.0 -48.0 52.0 80.0 -52.0 -32.0 0.0 -80.0 52.0 112.0 -52.0 96.0 0.0 -112.0 52.0 112.0 -52.0 -112.0 104.0 -96.0 -52.0 112.0 -52.0 96.0 0.0 32.0 0.0 -48.0 104.0 
intraecclesiastical -16.0 104.0 -80.0 -104.0 -32.0 0.0 -80.0 52.0 48.0 -52.0 48.0 104.0 0.0 0.0 160.0 -52.0 -208.0 -52.0 -16.0 52.0 176.0 -52.0 -208.0 52.0 32.0 0.0 80.0 -52.0 96.0 0.0 -112.0 104.0 -96.0 -52.0 256.0 0.0 
intraparenchymatous -16.0 104.0 -80.0 -104.0 -32.0 0.0 -80.0 52.0 272.0 -52.0 -272.0 52.0 80.0 -52.0 -32.0 0.0 144.0 104.0 -96.0 0.0 64.0 -52.0 -16.0 -52.0 80.0 104.0 -224.0 -52.0 112.0 -52.0 128.0 0.0 -64.0 0.0 -144.0 52.0 
introconvertibility -16.0 104.0 -80.0 -104.0 -32.0 0.0 160.0 0.0 -144.0 104.0 144.0 -104.0 -48.0 104.0 -64.0 0.0 -80.0 -104.0 32.0 0.0 32.0 0.0 96.0 0.0 -48.0 104.0 48.0 -104.0 48.0 52.0 -48.0 -52.0 -96.0 0.0 32.0 0.0 
irreconciliableness -128.0 0.0 0.0 0.0 -32.0 0.0 48.0 104.0 144.0 -104.0 -48.0 104.0 -96.0 0.0 112.0 -104.0 48.0 52.0 -48.0 -52.0 -208.0 52.0 160.0 52.0 96.0 -52.0 -208.0 -52.0 144.0 104.0 -144.0 -104.0 -16.0 52.0 0.0 0.0 
irreprehensibleness -128.0 0.0 0.0 0.0 -32.0 0.0 224.0 0.0 -192.0 0.0 -32.0 0.0 112.0 52.0 -112.0 -52.0 144.0 104.0 -160.0 -52.0 176.0 -52.0 -48.0 104.0 96.0 -52.0 -208.0 -52.0 144.0 104.0 -144.0 -104.0 -16.0 52.0 0.0 0.0 
irrepresentableness -128.0 0.0 0.0 0.0 -32.0 0.0 224.0 0.0 -192.0 0.0 -32.0 0.0 -16.0 52.0 16.0 -52.0 144.0 104.0 -80.0 -104.0 -112.0 52.0 160.0 52.0 96.0 -52.0 -208.0 -52.0 144.0 104.0 -144.0 -104.0 -16.0 52.0 0.0 0.0 
laparosalpingectomy -256.0 0.0 272.0 -52.0 -272.0 52.0 80.0 -52.0 160.0 0.0 -208.0 52.0 -32.0 0.0 256.0 0.0 16.0 -52.0 -64.0 0.0 -16.0 104.0 -64.0 -52.0 -80.0 -52.0 48.0 104.0 16.0 -104.0 128.0 0.0 -16.0 104.0 -80.0 -104.0 
laryngotracheoscopy -256.0 0.0 80.0 -52.0 64.0 0.0 48.0 104.0 -64.0 -52.0 112.0 -52.0 -128.0 0.0 -32.0 0.0 -80.0 52.0 96.0 52.0 64.0 -52.0 -112.0 -52.0 192.0 0.0 -208.0 52.0 64.0 52.0 144.0 -104.0 32.0 0.0 -128.0 0.0 
laryngovestibulitis -256.0 0.0 80.0 -52.0 64.0 0.0 48.0 104.0 -64.0 -52.0 112.0 -52.0 -112.0 104.0 -80.0 -104.0 -16.0 52.0 80.0 -52.0 96.0 0.0 -48.0 104.0 16.0 -104.0 80.0 52.0 -48.0 -52.0 -96.0 0.0 96.0 0.0 -176.0 52.0 
lithochromatography -48.0 -52.0 -96.0 0.0 48.0 52.0 80.0 -52.0 -144.0 104.0 64.0 -52.0 -80.0 -52.0 160.0 0.0 -16.0 104.0 -224.0 -52.0 112.0 -52.0 128.0 0.0 -112.0 52.0 -48.0 -52.0 -80.0 52.0 272.0 -52.0 -112.0 52.0 -16.0 -52.0 
litiscontestational -48.0 -52.0 -96.0 0.0 96.0 0.0 -176.0 52.0 64.0 52.0 144.0 -104.0 -48.0 104.0 -80.0 -104.0 -64.0 0.0 -16.0 52.0 80.0 -52.0 -112.0 52.0 112.0 -52.0 96.0 0.0 32.0 0.0 -48.0 104.0 -192.0 -52.0 256.0 0.0 
lymhpangiophlebitis -112.0 -52.0 80.0 104.0 -64.0 -52.0 112.0 -52.0 -272.0 52.0 192.0 52.0 -64.0 -52.0 80.0 -52.0 32.0 0.0 32.0 0.0 -112.0 52.0 96.0 0.0 -208.0 -52.0 112.0 104.0 48.0 -104.0 -96.0 0.0 96.0 0.0 -176.0 52.0 
macracanthorhynchus -224.0 -52.0 96.0 52.0 -16.0 -104.0 -80.0 52.0 96.0 52.0 -96.0 -52.0 192.0 52.0 -80.0 -104.0 48.0 52.0 80.0 -52.0 -160.0 0.0 80.0 52.0 -16.0 -52.0 48.0 104.0 -96.0 0.0 64.0 -52.0 16.0 -52.0 -144.0 52.0 
mandibulopharyngeal -224.0 -52.0 192.0 52.0 -128.0 -52.0 144.0 -52.0 -48.0 104.0 16.0 -104.0 80.0 52.0 -16.0 -52.0 32.0 0.0 -112.0 52.0 -160.0 0.0 80.0 -52.0 64.0 0.0 48.0 104.0 -64.0 -52.0 -80.0 -52.0 -48.0 52.0 256.0 0.0 
maxillopremaxillary -224.0 -52.0 64.0 52.0 144.0 -104.0 48.0 52.0 0.0 0.0 -16.0 -52.0 32.0 0.0 -192.0 0.0 -32.0 0.0 176.0 104.0 -224.0 -52.0 64.0 52.0 144.0 -104.0 48.0 52.0 0.0 0.0 -256.0 0.0 80.0 -52.0 64.0 0.0 
mechanotherapeutics -176.0 -104.0 48.0 104.0 64.0 -52.0 -160.0 0.0 192.0 52.0 48.0 -104.0 -128.0 0.0 48.0 52.0 -112.0 -52.0 32.0 0.0 -80.0 52.0 272.0 -52.0 -224.0 0.0 128.0 0.0 -64.0 0.0 96.0 0.0 -112.0 104.0 -64.0 -52.0 
medicopsychological -176.0 -104.0 16.0 52.0 144.0 -52.0 -112.0 104.0 144.0 -104.0 32.0 0.0 -240.0 52.0 112.0 -52.0 -48.0 104.0 64.0 -52.0 80.0 -52.0 16.0 52.0 -16.0 -52.0 -112.0 52.0 80.0 -52.0 -112.0 104.0 -96.0 -52.0 256.0 0.0 
meningoencephalitis -176.0 -104.0 144.0 104.0 16.0 -104.0 -16.0 104.0 -64.0 -52.0 112.0 -52.0 -192.0 0.0 144.0 104.0 -96.0 0.0 -48.0 -104.0 224.0 0.0 -112.0 52.0 -160.0 0.0 256.0 0.0 -48.0 -52.0 -96.0 0.0 96.0 0.0 -176.0 52.0 
meningomyelorrhaphy -176.0 -104.0 144.0 104.0 16.0 -104.0 -16.0 104.0 -64.0 -52.0 112.0 -52.0 -16.0 104.0 -80.0 -104.0 -96.0 0.0 208.0 52.0 -16.0 -52.0 -160.0 0.0 0.0 0.0 80.0 52.0 -160.0 0.0 272.0 -52.0 -112.0 52.0 -16.0 -52.0 
mesembryanthemaceae -176.0 -104.0 -16.0 52.0 16.0 -52.0 176.0 104.0 -64.0 0.0 -80.0 -104.0 64.0 0.0 -144.0 52.0 192.0 52.0 -80.0 -104.0 48.0 52.0 -112.0 -52.0 176.0 104.0 -224.0 -52.0 96.0 52.0 -48.0 -104.0 -48.0 52.0 48.0 -52.0 
metacarpophalangeal -176.0 -104.0 64.0 0.0 -112.0 52.0 96.0 52.0 -96.0 -52.0 80.0 -52.0 192.0 0.0 -32.0 0.0 32.0 0.0 -112.0 52.0 -160.0 0.0 256.0 0.0 -256.0 0.0 192.0 52.0 -64.0 -52.0 -80.0 -52.0 -48.0 52.0 256.0 0.0 
metaphenylenediamin -176.0 -104.0 64.0 0.0 -112.0 52.0 272.0 -52.0 -112.0 52.0 -112.0 -52.0 144.0 104.0 -48.0 -104.0 112.0 52.0 -208.0 -52.0 144.0 104.0 -144.0 -104.0 16.0 52.0 144.0 -52.0 -208.0 52.0 224.0 52.0 -16.0 -104.0 -16.0 104.0 
metatarsophalangeal -176.0 -104.0 64.0 0.0 -112.0 52.0 112.0 -52.0 -112.0 52.0 80.0 -52.0 -48.0 52.0 208.0 -52.0 32.0 0.0 -112.0 52.0 -160.0 0.0 256.0 0.0 -256.0 0.0 192.0 52.0 -64.0 -52.0 -80.0 -52.0 -48.0 52.0 256.0 0.0 
microcinematography -16.0 -104.0 -112.0 104.0 -16.0 -104.0 160.0 0.0 -144.0 104.0 112.0 -104.0 -16.0 104.0 -144.0 -104.0 176.0 104.0 -224.0 -52.0 112.0 -52.0 128.0 0.0 -112.0 52.0 -48.0 -52.0 -80.0 52.0 272.0 -52.0 -112.0 52.0 -16.0 -52.0 
microclimatological -16.0 -104.0 -112.0 104.0 -16.0 -104.0 160.0 0.0 -144.0 104.0 160.0 -52.0 -48.0 -52.0 16.0 104.0 -224.0 -52.0 112.0 -52.0 128.0 0.0 16.0 52.0 -16.0 -52.0 -112.0 52.0 80.0 -52.0 -112.0 104.0 -96.0 -52.0 256.0 0.0 
microcrystalloscopy -16.0 -104.0 -112.0 104.0 -16.0 -104.0 160.0 0.0 -144.0 104.0 -16.0 -104.0 64.0 0.0 -112.0 52.0 80.0 -52.0 -112.0 52.0 256.0 0.0 0.0 0.0 -16.0 -52.0 -208.0 52.0 64.0 52.0 144.0 -104.0 32.0 0.0 -128.0 0.0 
micrometallographer -16.0 -104.0 -112.0 104.0 -16.0 -104.0 160.0 0.0 -16.0 104.0 -176.0 -104.0 64.0 0.0 -112.0 52.0 256.0 0.0 0.0 0.0 -16.0 -52.0 -112.0 52.0 -48.0 -52.0 -80.0 52.0 272.0 -52.0 -112.0 52.0 -112.0 -52.0 32.0 0.0 
misapprehensiveness -16.0 -104.0 -176.0 52.0 -32.0 0.0 272.0 -52.0 0.0 0.0 -192.0 0.0 -32.0 0.0 112.0 52.0 -112.0 -52.0 144.0 104.0 -160.0 -52.0 176.0 -52.0 -80.0 104.0 -80.0 -104.0 144.0 104.0 -144.0 -104.0 -16.0 52.0 0.0 0.0 
mischaracterization -16.0 -104.0 -176.0 52.0 64.0 52.0 64.0 -52.0 -160.0 0.0 80.0 -52.0 -80.0 52.0 96.0 52.0 16.0 -104.0 -64.0 0.0 32.0 0.0 128.0 0.0 -176.0 104.0 -32.0 -52.0 112.0 -52.0 96.0 0.0 32.0 0.0 -48.0 104.0 
monochloranthracene 16.0 -104.0 -48.0 104.0 48.0 -104.0 -144.0 104.0 64.0 -52.0 96.0 0.0 -16.0 -52.0 -160.0 0.0 -80.0 52.0 192.0 52.0 -80.0 -104.0 48.0 52.0 -80.0 -52.0 -80.0 52.0 96.0 52.0 -48.0 -104.0 144.0 104.0 -144.0 -104.0 
musicophilosophical -48.0 -104.0 -144.0 52.0 176.0 -52.0 -112.0 104.0 144.0 -104.0 32.0 0.0 -112.0 52.0 48.0 -52.0 48.0 52.0 -16.0 -52.0 -208.0 52.0 208.0 -52.0 32.0 0.0 -112.0 52.0 48.0 -52.0 -112.0 104.0 -96.0 -52.0 256.0 0.0 
nonconformistically 48.0 -104.0 -48.0 104.0 -96.0 0.0 144.0 -104.0 -48.0 104.0 -96.0 -52.0 144.0 -52.0 -160.0 0.0 144.0 104.0 -16.0 -104.0 -176.0 52.0 80.0 -52.0 96.0 0.0 -112.0 104.0 -96.0 -52.0 256.0 0.0 0.0 0.0 -112.0 -52.0 
nondisestablishment 48.0 -104.0 -48.0 104.0 -128.0 -52.0 144.0 -52.0 -176.0 52.0 16.0 -52.0 -16.0 52.0 80.0 -52.0 -112.0 52.0 160.0 52.0 96.0 -52.0 -48.0 -52.0 -176.0 52.0 128.0 0.0 64.0 52.0 -176.0 -104.0 144.0 104.0 -80.0 -104.0 
nonrepresentational 48.0 -104.0 -48.0 104.0 -112.0 -104.0 -32.0 0.0 224.0 0.0 -192.0 0.0 -32.0 0.0 -16.0 52.0 16.0 -52.0 144.0 104.0 -80.0 -104.0 -112.0 52.0 112.0 -52.0 96.0 0.0 32.0 0.0 -48.0 104.0 -192.0 -52.0 256.0 0.0 
odontohyperesthesia -176.0 52.0 176.0 -52.0 -48.0 104.0 -80.0 -104.0 128.0 0.0 -80.0 52.0 -16.0 -52.0 128.0 0.0 -224.0 0.0 32.0 0.0 -32.0 0.0 -16.0 52.0 80.0 -52.0 48.0 52.0 -112.0 -52.0 -16.0 52.0 176.0 -52.0 -208.0 52.0 
ophthalmoleucoscope 32.0 0.0 -112.0 52.0 -48.0 -52.0 48.0 52.0 -160.0 0.0 256.0 0.0 -32.0 52.0 16.0 -104.0 16.0 52.0 -208.0 -52.0 128.0 0.0 -80.0 104.0 144.0 -104.0 -208.0 52.0 64.0 52.0 144.0 -104.0 32.0 0.0 -224.0 0.0 
ophthalmophlebotomy 32.0 0.0 -112.0 52.0 -48.0 -52.0 48.0 52.0 -160.0 0.0 256.0 0.0 -32.0 52.0 16.0 -104.0 32.0 0.0 -112.0 52.0 96.0 0.0 -208.0 -52.0 112.0 104.0 80.0 -104.0 -128.0 0.0 128.0 0.0 -16.0 104.0 -80.0 -104.0 
ophthalmostatometer 32.0 0.0 -112.0 52.0 -48.0 -52.0 48.0 52.0 -160.0 0.0 256.0 0.0 -32.0 52.0 16.0 -104.0 -208.0 52.0 80.0 -52.0 -112.0 52.0 112.0 -52.0 128.0 0.0 -16.0 104.0 -176.0 -104.0 64.0 0.0 -64.0 0.0 32.0 0.0 
ophthalmotropometer 32.0 0.0 -112.0 52.0 -48.0 -52.0 48.0 52.0 -160.0 0.0 256.0 0.0 -32.0 52.0 16.0 -104.0 -128.0 0.0 -32.0 0.0 160.0 0.0 32.0 0.0 -32.0 0.0 -16.0 104.0 -176.0 -104.0 64.0 0.0 -64.0 0.0 32.0 0.0 
opthalmothermometer 32.0 0.0 -160.0 0.0 48.0 52.0 -160.0 0.0 256.0 0.0 -32.0 52.0 16.0 -104.0 -128.0 0.0 48.0 52.0 -112.0 -52.0 32.0 0.0 144.0 104.0 16.0 -104.0 -16.0 104.0 -176.0 -104.0 64.0 0.0 -64.0 0.0 32.0 0.0 
ornithobiographical -160.0 0.0 112.0 104.0 16.0 -104.0 -96.0 0.0 48.0 52.0 80.0 -52.0 -80.0 104.0 48.0 -104.0 32.0 0.0 -112.0 52.0 -48.0 -52.0 -80.0 52.0 272.0 -52.0 -112.0 52.0 48.0 -52.0 -112.0 104.0 -96.0 -52.0 256.0 0.0 
ornithogeographical -160.0 0.0 112.0 104.0 16.0 -104.0 -96.0 0.0 48.0 52.0 80.0 -52.0 -112.0 52.0 -80.0 -52.0 192.0 0.0 -112.0 52.0 -48.0 -52.0 -80.0 52.0 272.0 -52.0 -112.0 52.0 48.0 -52.0 -112.0 104.0 -96.0 -52.0 256.0 0.0 
orthobrachycephalic -160.0 0.0 32.0 0.0 48.0 52.0 80.0 -52.0 -80.0 104.0 -80.0 -104.0 -80.0 52.0 96.0 52.0 64.0 -52.0 -16.0 -52.0 -48.0 104.0 -48.0 -104.0 224.0 0.0 -112.0 52.0 -160.0 0.0 256.0 0.0 -48.0 -52.0 -112.0 104.0 
orthoveratraldehyde -160.0 0.0 32.0 0.0 48.0 52.0 80.0 -52.0 -112.0 104.0 -80.0 -104.0 32.0 0.0 -80.0 52.0 112.0 -52.0 -32.0 0.0 -80.0 52.0 256.0 0.0 -192.0 0.0 -16.0 -52.0 112.0 52.0 -16.0 -52.0 -80.0 52.0 -16.0 -52.0 
osteochondrofibroma -208.0 52.0 80.0 -52.0 -64.0 0.0 192.0 0.0 -144.0 104.0 64.0 -52.0 80.0 -52.0 -48.0 104.0 -128.0 -52.0 16.0 -52.0 160.0 0.0 -144.0 52.0 112.0 -52.0 -48.0 104.0 -80.0 -104.0 160.0 0.0 -16.0 104.0 -224.0 -52.0 
osteochondrosarcoma -208.0 52.0 80.0 -52.0 -64.0 0.0 192.0 0.0 -144.0 104.0 64.0 -52.0 80.0 -52.0 -48.0 104.0 -128.0 -52.0 16.0 -52.0 160.0 0.0 -208.0 52.0 -32.0 0.0 80.0 -52.0 16.0 104.0 144.0 -104.0 -16.0 104.0 -224.0 -52.0 
otohemineurasthenia -128.0 0.0 128.0 0.0 -80.0 52.0 -112.0 -52.0 176.0 104.0 -16.0 -104.0 -16.0 104.0 -144.0 -104.0 128.0 0.0 -96.0 0.0 -80.0 52.0 32.0 0.0 80.0 -52.0 48.0 52.0 -112.0 -52.0 144.0 104.0 16.0 -104.0 -208.0 52.0 
otorhinolaryngology -128.0 0.0 128.0 0.0 -160.0 0.0 80.0 52.0 48.0 -52.0 -16.0 104.0 48.0 -104.0 16.0 52.0 -256.0 0.0 80.0 -52.0 64.0 0.0 48.0 104.0 -64.0 -52.0 112.0 -52.0 16.0 52.0 -16.0 -52.0 -112.0 52.0 16.0 -52.0 
ovariosalpingectomy -112.0 104.0 -128.0 -52.0 80.0 -52.0 128.0 0.0 32.0 0.0 -208.0 52.0 -32.0 0.0 256.0 0.0 16.0 -52.0 -64.0 0.0 -16.0 104.0 -64.0 -52.0 -80.0 -52.0 48.0 104.0 16.0 -104.0 128.0 0.0 -16.0 104.0 -80.0 -104.0 
overdestructiveness -112.0 104.0 -80.0 -104.0 32.0 0.0 -16.0 52.0 -16.0 -52.0 -16.0 52.0 80.0 -52.0 -32.0 0.0 96.0 0.0 -80.0 104.0 16.0 -104.0 96.0 0.0 -80.0 104.0 -80.0 -104.0 144.0 104.0 -144.0 -104.0 -16.0 52.0 0.0 0.0 
overdiversification -112.0 104.0 -80.0 -104.0 32.0 0.0 -16.0 52.0 144.0 -52.0 -80.0 104.0 -80.0 -104.0 32.0 0.0 -48.0 52.0 176.0 -52.0 -112.0 52.0 112.0 -52.0 -112.0 104.0 -96.0 -52.0 112.0 -52.0 96.0 0.0 32.0 0.0 -48.0 104.0 
overimaginativeness -112.0 104.0 -80.0 -104.0 32.0 0.0 128.0 0.0 16.0 104.0 -224.0 -52.0 128.0 0.0 80.0 -52.0 -16.0 104.0 -192.0 -52.0 112.0 -52.0 96.0 0.0 -80.0 104.0 -80.0 -104.0 144.0 104.0 -144.0 -104.0 -16.0 52.0 0.0 0.0 
overindividualistic -112.0 104.0 -80.0 -104.0 32.0 0.0 128.0 0.0 -16.0 104.0 -128.0 -52.0 144.0 -52.0 -80.0 104.0 80.0 -104.0 -144.0 52.0 112.0 -52.0 -176.0 52.0 256.0 0.0 -48.0 -52.0 -176.0 52.0 80.0 -52.0 96.0 0.0 -112.0 104.0 
overintellectuality -112.0 104.0 -80.0 -104.0 32.0 0.0 128.0 0.0 -16.0 104.0 -80.0 -104.0 -64.0 0.0 208.0 52.0 0.0 0.0 -208.0 -52.0 48.0 104.0 16.0 -104.0 64.0 0.0 -176.0 52.0 256.0 0.0 -48.0 -52.0 -96.0 0.0 32.0 0.0 
overintensification -112.0 104.0 -80.0 -104.0 32.0 0.0 128.0 0.0 -16.0 104.0 -80.0 -104.0 -64.0 0.0 144.0 104.0 -160.0 -52.0 176.0 -52.0 -112.0 52.0 112.0 -52.0 -112.0 104.0 -96.0 -52.0 112.0 -52.0 96.0 0.0 32.0 0.0 -48.0 104.0 
overnationalization -112.0 104.0 -80.0 -104.0 32.0 0.0 112.0 104.0 -192.0 -52.0 112.0 -52.0 96.0 0.0 32.0 0.0 -48.0 104.0 -192.0 -52.0 256.0 0.0 -48.0 -52.0 -176.0 104.0 -32.0 -52.0 112.0 -52.0 96.0 0.0 32.0 0.0 -48.0 104.0 
overprocrastination -112.0 104.0 -80.0 -104.0 32.0 0.0 192.0 0.0 -192.0 0.0 160.0 0.0 -144.0 104.0 -16.0 -104.0 -80.0 52.0 32.0 0.0 80.0 -52.0 96.0 0.0 -16.0 104.0 -192.0 -52.0 112.0 -52.0 96.0 0.0 32.0 0.0 -48.0 104.0 
overproportionately -112.0 104.0 -80.0 -104.0 32.0 0.0 192.0 0.0 -192.0 0.0 160.0 0.0 32.0 0.0 -32.0 0.0 -160.0 0.0 32.0 0.0 96.0 0.0 32.0 0.0 -48.0 104.0 -192.0 -52.0 112.0 -52.0 -64.0 0.0 208.0 52.0 -112.0 -52.0 
palaeodendrological -272.0 52.0 256.0 0.0 -256.0 0.0 48.0 -52.0 192.0 0.0 -176.0 52.0 -16.0 -52.0 144.0 104.0 -128.0 -52.0 16.0 -52.0 160.0 0.0 16.0 52.0 -16.0 -52.0 -112.0 52.0 80.0 -52.0 -112.0 104.0 -96.0 -52.0 256.0 0.0 
palaeodictyopterous -272.0 52.0 256.0 0.0 -256.0 0.0 48.0 -52.0 192.0 0.0 -176.0 52.0 144.0 -52.0 -112.0 104.0 16.0 -104.0 32.0 0.0 96.0 0.0 32.0 0.0 -160.0 0.0 -64.0 0.0 32.0 0.0 160.0 0.0 -64.0 0.0 -144.0 52.0 
palaeoherpetologist -272.0 52.0 256.0 0.0 -256.0 0.0 48.0 -52.0 192.0 0.0 -80.0 52.0 -112.0 -52.0 32.0 0.0 192.0 0.0 -224.0 0.0 64.0 0.0 128.0 0.0 16.0 52.0 -16.0 -52.0 -112.0 52.0 80.0 -52.0 -176.0 52.0 80.0 -52.0 
palaeopsychological -272.0 52.0 256.0 0.0 -256.0 0.0 48.0 -52.0 192.0 0.0 32.0 0.0 -240.0 52.0 112.0 -52.0 -48.0 104.0 64.0 -52.0 80.0 -52.0 16.0 52.0 -16.0 -52.0 -112.0 52.0 80.0 -52.0 -112.0 104.0 -96.0 -52.0 256.0 0.0 
palaeornithological -272.0 52.0 256.0 0.0 -256.0 0.0 48.0 -52.0 192.0 0.0 -160.0 0.0 112.0 104.0 16.0 -104.0 -96.0 0.0 48.0 52.0 80.0 -52.0 16.0 52.0 -16.0 -52.0 -112.0 52.0 80.0 -52.0 -112.0 104.0 -96.0 -52.0 256.0 0.0 
palaeotypographical -272.0 52.0 256.0 0.0 -256.0 0.0 48.0 -52.0 192.0 0.0 -128.0 0.0 32.0 0.0 128.0 0.0 -32.0 0.0 -112.0 52.0 -48.0 -52.0 -80.0 52.0 272.0 -52.0 -112.0 52.0 48.0 -52.0 -112.0 104.0 -96.0 -52.0 256.0 0.0 
paleoanthropography -272.0 52.0 256.0 0.0 -208.0 -52.0 192.0 0.0 -240.0 52.0 192.0 52.0 -80.0 -104.0 48.0 52.0 -80.0 -52.0 160.0 0.0 32.0 0.0 -32.0 0.0 -112.0 52.0 -48.0 -52.0 -80.0 52.0 272.0 -52.0 -112.0 52.0 -16.0 -52.0 
paleoanthropologist -272.0 52.0 256.0 0.0 -208.0 -52.0 192.0 0.0 -240.0 52.0 192.0 52.0 -80.0 -104.0 48.0 52.0 -80.0 -52.0 160.0 0.0 32.0 0.0 -32.0 0.0 16.0 52.0 -16.0 -52.0 -112.0 52.0 80.0 -52.0 -176.0 52.0 80.0 -52.0 
paleometeorological -272.0 52.0 256.0 0.0 -208.0 -52.0 192.0 0.0 -16.0 104.0 -176.0 -104.0 64.0 0.0 -64.0 0.0 192.0 0.0 -160.0 0.0 160.0 0.0 16.0 52.0 -16.0 -52.0 -112.0 52.0 80.0 -52.0 -112.0 104.0 -96.0 -52.0 256.0 0.0 
pancreaticoduodenal -272.0 52.0 192.0 52.0 -96.0 0.0 -16.0 -104.0 -32.0 0.0 -48.0 52.0 112.0 -52.0 96.0 0.0 -112.0 104.0 144.0 -104.0 -176.0 52.0 112.0 -52.0 64.0 0.0 -176.0 52.0 -16.0 -52.0 144.0 104.0 -192.0 -52.0 256.0 0.0 
papilloadenocystoma -272.0 52.0 272.0 -52.0 -64.0 0.0 48.0 52.0 0.0 0.0 -16.0 -52.0 -240.0 52.0 64.0 0.0 -16.0 -52.0 144.0 104.0 48.0 -104.0 -144.0 104.0 48.0 -104.0 -112.0 52.0 80.0 -52.0 128.0 0.0 -16.0 104.0 -224.0 -52.0 
parachromatophorous -272.0 52.0 80.0 -52.0 -80.0 52.0 96.0 52.0 64.0 -52.0 -80.0 -52.0 160.0 0.0 -16.0 104.0 -224.0 -52.0 112.0 -52.0 128.0 0.0 32.0 0.0 -112.0 52.0 80.0 -52.0 -160.0 0.0 160.0 0.0 -64.0 0.0 -144.0 52.0 
paradichlorobenzene -272.0 52.0 80.0 -52.0 -80.0 52.0 64.0 0.0 144.0 -52.0 -112.0 104.0 64.0 -52.0 96.0 0.0 -16.0 -52.0 -160.0 0.0 160.0 0.0 -80.0 104.0 -112.0 -104.0 144.0 104.0 -160.0 0.0 16.0 -104.0 144.0 104.0 -144.0 -104.0 
parasympathomimetic -272.0 52.0 80.0 -52.0 -80.0 52.0 32.0 0.0 112.0 -52.0 80.0 104.0 48.0 -104.0 -272.0 52.0 112.0 -52.0 48.0 52.0 80.0 -52.0 -16.0 104.0 -16.0 -104.0 16.0 104.0 -176.0 -104.0 64.0 0.0 96.0 0.0 -112.0 104.0 
parathyroidectomize -272.0 52.0 80.0 -52.0 -80.0 52.0 112.0 -52.0 48.0 52.0 -16.0 -52.0 -64.0 0.0 160.0 0.0 -32.0 0.0 -144.0 52.0 -16.0 -52.0 48.0 104.0 16.0 -104.0 128.0 0.0 -16.0 104.0 -16.0 -104.0 -176.0 104.0 16.0 -104.0 
parliamentarization -272.0 52.0 80.0 -52.0 176.0 52.0 -48.0 -52.0 -208.0 52.0 224.0 52.0 -176.0 -104.0 144.0 104.0 -80.0 -104.0 -112.0 52.0 80.0 -52.0 128.0 0.0 -176.0 104.0 -32.0 -52.0 112.0 -52.0 96.0 0.0 32.0 0.0 -48.0 104.0 
parthenogenetically -272.0 52.0 80.0 -52.0 32.0 0.0 48.0 52.0 -112.0 -52.0 144.0 104.0 48.0 -104.0 -112.0 52.0 -80.0 -52.0 144.0 104.0 -144.0 -104.0 64.0 0.0 96.0 0.0 -112.0 104.0 -96.0 -52.0 256.0 0.0 0.0 0.0 -112.0 -52.0 
particularistically -272.0 52.0 80.0 -52.0 32.0 0.0 96.0 0.0 -112.0 104.0 80.0 -104.0 80.0 52.0 -256.0 0.0 80.0 -52.0 128.0 0.0 -176.0 52.0 80.0 -52.0 96.0 0.0 -112.0 104.0 -96.0 -52.0 256.0 0.0 0.0 0.0 -112.0 -52.0 
pathologicoanatomic -272.0 52.0 112.0 -52.0 48.0 52.0 80.0 -52.0 16.0 52.0 -16.0 -52.0 -112.0 52.0 80.0 -52.0 -112.0 104.0 144.0 -104.0 -240.0 52.0 192.0 52.0 -192.0 -52.0 112.0 -52.0 128.0 0.0 -16.0 104.0 -16.0 -104.0 -112.0 104.0 
pathologicoclinical -272.0 52.0 112.0 -52.0 48.0 52.0 80.0 -52.0 16.0 52.0 -16.0 -52.0 -112.0 52.0 80.0 -52.0 -112.0 104.0 144.0 -104.0 -144.0 104.0 160.0 -52.0 -48.0 -52.0 -16.0 104.0 16.0 -104.0 -112.0 104.0 -96.0 -52.0 256.0 0.0 
pectinatofimbricate -224.0 0.0 48.0 104.0 16.0 -104.0 96.0 0.0 -16.0 104.0 -192.0 -52.0 112.0 -52.0 128.0 0.0 -144.0 52.0 112.0 -52.0 16.0 104.0 -64.0 0.0 -80.0 -104.0 128.0 0.0 -112.0 104.0 -96.0 -52.0 112.0 -52.0 -64.0 0.0 
pericardiacophrenic -224.0 0.0 32.0 0.0 128.0 0.0 -112.0 104.0 -96.0 -52.0 80.0 -52.0 -16.0 52.0 144.0 -52.0 -208.0 52.0 96.0 52.0 144.0 -104.0 32.0 0.0 -112.0 52.0 -80.0 -52.0 -32.0 0.0 144.0 104.0 16.0 -104.0 -112.0 104.0 
pericardiosymphysis -224.0 0.0 32.0 0.0 128.0 0.0 -112.0 104.0 -96.0 -52.0 80.0 -52.0 -16.0 52.0 144.0 -52.0 32.0 0.0 -208.0 52.0 112.0 -52.0 80.0 104.0 48.0 -104.0 -112.0 52.0 -16.0 -52.0 -112.0 52.0 176.0 -52.0 -176.0 52.0 
periosteomedullitis -224.0 0.0 32.0 0.0 128.0 0.0 32.0 0.0 -208.0 52.0 80.0 -52.0 -64.0 0.0 192.0 0.0 -16.0 104.0 -176.0 -104.0 16.0 52.0 112.0 -52.0 80.0 52.0 0.0 0.0 -48.0 -52.0 -96.0 0.0 96.0 0.0 -176.0 52.0 
peripachymeningitis -224.0 0.0 32.0 0.0 128.0 0.0 64.0 0.0 -272.0 52.0 96.0 52.0 64.0 -52.0 -16.0 -52.0 80.0 104.0 -176.0 -104.0 144.0 104.0 16.0 -104.0 -16.0 104.0 -64.0 -52.0 80.0 -52.0 -96.0 0.0 96.0 0.0 -176.0 52.0 
pharmacognostically -112.0 52.0 -160.0 0.0 80.0 -52.0 144.0 104.0 -224.0 -52.0 96.0 52.0 144.0 -104.0 -112.0 52.0 64.0 52.0 48.0 -104.0 -208.0 52.0 80.0 -52.0 96.0 0.0 -112.0 104.0 -96.0 -52.0 256.0 0.0 0.0 0.0 -112.0 -52.0 
pharyngoamygdalitis -112.0 52.0 -160.0 0.0 80.0 -52.0 64.0 0.0 48.0 104.0 -64.0 -52.0 112.0 -52.0 -240.0 52.0 224.0 52.0 -80.0 -104.0 -16.0 52.0 -64.0 0.0 -64.0 0.0 256.0 0.0 -48.0 -52.0 -96.0 0.0 96.0 0.0 -176.0 52.0 
pharyngotonsillitis -112.0 52.0 -160.0 0.0 80.0 -52.0 64.0 0.0 48.0 104.0 -64.0 -52.0 112.0 -52.0 -128.0 0.0 128.0 0.0 -48.0 104.0 -160.0 -52.0 176.0 -52.0 48.0 52.0 0.0 0.0 -48.0 -52.0 -96.0 0.0 96.0 0.0 -176.0 52.0 
phenomenalistically -112.0 52.0 -112.0 -52.0 144.0 104.0 48.0 -104.0 -16.0 104.0 -176.0 -104.0 144.0 104.0 -192.0 -52.0 256.0 0.0 -48.0 -52.0 -176.0 52.0 80.0 -52.0 96.0 0.0 -112.0 104.0 -96.0 -52.0 256.0 0.0 0.0 0.0 -112.0 -52.0 
phoenicopteriformes -112.0 52.0 80.0 -52.0 -192.0 0.0 144.0 104.0 16.0 -104.0 -112.0 104.0 144.0 -104.0 32.0 0.0 -160.0 0.0 -64.0 0.0 32.0 0.0 128.0 0.0 -112.0 52.0 144.0 -52.0 -160.0 0.0 144.0 104.0 -176.0 -104.0 -16.0 52.0 
phonautographically -112.0 52.0 80.0 -52.0 -48.0 104.0 -192.0 -52.0 176.0 -52.0 -64.0 0.0 128.0 0.0 -112.0 52.0 -48.0 -52.0 -80.0 52.0 272.0 -52.0 -112.0 52.0 48.0 -52.0 -112.0 104.0 -96.0 -52.0 256.0 0.0 0.0 0.0 -112.0 -52.0 
phosphoglycoprotein -112.0 52.0 80.0 -52.0 -208.0 52.0 240.0 -52.0 -112.0 52.0 80.0 -52.0 -112.0 52.0 128.0 0.0 -112.0 -52.0 -48.0 104.0 144.0 -104.0 32.0 0.0 -192.0 0.0 160.0 0.0 -128.0 0.0 -64.0 0.0 160.0 0.0 -16.0 104.0 
photodisintegration -112.0 52.0 80.0 -52.0 -128.0 0.0 128.0 0.0 -176.0 52.0 144.0 -52.0 -176.0 52.0 176.0 -52.0 -16.0 104.0 -80.0 -104.0 -64.0 0.0 80.0 52.0 -48.0 -52.0 -80.0 52.0 112.0 -52.0 96.0 0.0 32.0 0.0 -48.0 104.0 
photogalvanographic -112.0 52.0 80.0 -52.0 -128.0 0.0 128.0 0.0 -112.0 52.0 -128.0 0.0 256.0 0.0 -128.0 52.0 -128.0 -52.0 192.0 52.0 48.0 -104.0 -112.0 52.0 -48.0 -52.0 -80.0 52.0 272.0 -52.0 -112.0 52.0 48.0 -52.0 -112.0 104.0 
photohyponastically -112.0 52.0 80.0 -52.0 -128.0 0.0 128.0 0.0 -80.0 52.0 -16.0 -52.0 128.0 0.0 -32.0 0.0 -48.0 104.0 -192.0 -52.0 32.0 0.0 80.0 -52.0 96.0 0.0 -112.0 104.0 -96.0 -52.0 256.0 0.0 0.0 0.0 -112.0 -52.0 
photophosphorescent -112.0 52.0 80.0 -52.0 -128.0 0.0 128.0 0.0 32.0 0.0 -112.0 52.0 80.0 -52.0 -208.0 52.0 240.0 -52.0 -112.0 52.0 80.0 -52.0 -160.0 0.0 -32.0 0.0 -16.0 52.0 64.0 52.0 -48.0 -104.0 144.0 104.0 -80.0 -104.0 
photopolymerization -112.0 52.0 80.0 -52.0 -128.0 0.0 128.0 0.0 32.0 0.0 -32.0 0.0 16.0 52.0 -112.0 -52.0 80.0 104.0 -176.0 -104.0 32.0 0.0 128.0 0.0 -176.0 104.0 -32.0 -52.0 112.0 -52.0 96.0 0.0 32.0 0.0 -48.0 104.0 
phrenicopericardiac -112.0 52.0 -80.0 -52.0 -32.0 0.0 144.0 104.0 16.0 -104.0 -112.0 104.0 144.0 -104.0 32.0 0.0 -224.0 0.0 32.0 0.0 128.0 0.0 -112.0 104.0 -96.0 -52.0 80.0 -52.0 -16.0 52.0 144.0 -52.0 -208.0 52.0 96.0 52.0 
phthisiotherapeutic -112.0 52.0 -48.0 -52.0 48.0 52.0 48.0 -52.0 -176.0 52.0 176.0 -52.0 32.0 0.0 -128.0 0.0 48.0 52.0 -112.0 -52.0 32.0 0.0 -80.0 52.0 272.0 -52.0 -224.0 0.0 128.0 0.0 -64.0 0.0 96.0 0.0 -112.0 104.0 
phycochromophyceous -112.0 52.0 -16.0 -52.0 -48.0 104.0 144.0 -104.0 -144.0 104.0 64.0 -52.0 -80.0 -52.0 160.0 0.0 -16.0 104.0 16.0 -104.0 32.0 0.0 -112.0 52.0 -16.0 -52.0 -48.0 104.0 -48.0 -104.0 192.0 0.0 -64.0 0.0 -144.0 52.0 
physicoastronomical -112.0 52.0 -16.0 -52.0 -112.0 52.0 176.0 -52.0 -112.0 104.0 144.0 -104.0 -240.0 52.0 32.0 0.0 80.0 -52.0 -32.0 0.0 160.0 0.0 -48.0 104.0 48.0 -104.0 -16.0 104.0 -16.0 -104.0 -112.0 104.0 -96.0 -52.0 256.0 0.0 
physicogeographical -112.0 52.0 -16.0 -52.0 -112.0 52.0 176.0 -52.0 -112.0 104.0 144.0 -104.0 -112.0 52.0 -80.0 -52.0 192.0 0.0 -112.0 52.0 -48.0 -52.0 -80.0 52.0 272.0 -52.0 -112.0 52.0 48.0 -52.0 -112.0 104.0 -96.0 -52.0 256.0 0.0 
physicomathematical -112.0 52.0 -16.0 -52.0 -112.0 52.0 176.0 -52.0 -112.0 104.0 144.0 -104.0 -16.0 104.0 -224.0 -52.0 112.0 -52.0 48.0 52.0 -112.0 -52.0 176.0 104.0 -224.0 -52.0 112.0 -52.0 96.0 0.0 -112.0 104.0 -96.0 -52.0 256.0 0.0 
physicotherapeutics -112.0 52.0 -16.0 -52.0 -112.0 52.0 176.0 -52.0 -112.0 104.0 144.0 -104.0 -128.0 0.0 48.0 52.0 -112.0 -52.0 32.0 0.0 -80.0 52.0 272.0 -52.0 -224.0 0.0 128.0 0.0 -64.0 0.0 96.0 0.0 -112.0 104.0 -64.0 -52.0 
physiophilosophical -112.0 52.0 -16.0 -52.0 -112.0 52.0 176.0 -52.0 32.0 0.0 32.0 0.0 -112.0 52.0 48.0 -52.0 48.0 52.0 -16.0 -52.0 -208.0 52.0 208.0 -52.0 32.0 0.0 -112.0 52.0 48.0 -52.0 -112.0 104.0 -96.0 -52.0 256.0 0.0 
physiopsychological -112.0 52.0 -16.0 -52.0 -112.0 52.0 176.0 -52.0 32.0 0.0 32.0 0.0 -240.0 52.0 112.0 -52.0 -48.0 104.0 64.0 -52.0 80.0 -52.0 16.0 52.0 -16.0 -52.0 -112.0 52.0 80.0 -52.0 -112.0 104.0 -96.0 -52.0 256.0 0.0 
physiotherapeutical -112.0 52.0 -16.0 -52.0 -112.0 52.0 176.0 -52.0 32.0 0.0 -128.0 0.0 48.0 52.0 -112.0 -52.0 32.0 0.0 -80.0 52.0 272.0 -52.0 -224.0 0.0 128.0 0.0 -64.0 0.0 96.0 0.0 -112.0 104.0 -96.0 -52.0 256.0 0.0 
phytogeographically -112.0 52.0 -16.0 -52.0 -32.0 0.0 128.0 0.0 -112.0 52.0 -80.0 -52.0 192.0 0.0 -112.0 52.0 -48.0 -52.0 -80.0 52.0 272.0 -52.0 -112.0 52.0 48.0 -52.0 -112.0 104.0 -96.0 -52.0 256.0 0.0 0.0 0.0 -112.0 -52.0 
phytopaleontologist -112.0 52.0 -16.0 -52.0 -32.0 0.0 128.0 0.0 32.0 0.0 -272.0 52.0 256.0 0.0 -208.0 -52.0 192.0 0.0 -48.0 104.0 -80.0 -104.0 128.0 0.0 16.0 52.0 -16.0 -52.0 -112.0 52.0 80.0 -52.0 -176.0 52.0 80.0 -52.0 
phytosociologically -112.0 52.0 -16.0 -52.0 -32.0 0.0 128.0 0.0 -208.0 52.0 208.0 -52.0 -144.0 104.0 112.0 -104.0 32.0 0.0 16.0 52.0 -16.0 -52.0 -112.0 52.0 80.0 -52.0 -112.0 104.0 -96.0 -52.0 256.0 0.0 0.0 0.0 -112.0 -52.0 
platybrachycephalic -16.0 52.0 -256.0 0.0 112.0 -52.0 32.0 0.0 16.0 104.0 -80.0 -104.0 -80.0 52.0 96.0 52.0 64.0 -52.0 -16.0 -52.0 -48.0 104.0 -48.0 -104.0 224.0 0.0 -112.0 52.0 -160.0 0.0 256.0 0.0 -48.0 -52.0 -112.0 104.0 
platymesaticephalic -16.0 52.0 -256.0 0.0 112.0 -52.0 32.0 0.0 80.0 104.0 -176.0 -104.0 -16.0 52.0 -32.0 0.0 112.0 -52.0 96.0 0.0 -112.0 104.0 -48.0 -104.0 224.0 0.0 -112.0 52.0 -160.0 0.0 256.0 0.0 -48.0 -52.0 -112.0 104.0 
plenipotentiaryship -16.0 52.0 -208.0 -52.0 144.0 104.0 16.0 -104.0 64.0 0.0 -32.0 0.0 -128.0 0.0 -64.0 0.0 144.0 104.0 -80.0 -104.0 96.0 0.0 -208.0 52.0 80.0 -52.0 64.0 0.0 -112.0 52.0 128.0 0.0 48.0 -52.0 64.0 0.0 
plutonometamorphism -16.0 52.0 -80.0 -52.0 -64.0 0.0 128.0 0.0 -48.0 104.0 48.0 -104.0 -16.0 104.0 -176.0 -104.0 64.0 0.0 -112.0 52.0 224.0 52.0 16.0 -104.0 -160.0 0.0 192.0 0.0 -112.0 52.0 48.0 -52.0 -176.0 52.0 192.0 52.0 
postimpressionistic -32.0 0.0 -208.0 52.0 80.0 -52.0 96.0 0.0 16.0 104.0 48.0 -104.0 -192.0 0.0 -32.0 0.0 -16.0 52.0 0.0 0.0 176.0 -52.0 32.0 0.0 -48.0 104.0 16.0 -104.0 -176.0 52.0 80.0 -52.0 96.0 0.0 -112.0 104.0 
proconfederationist -192.0 0.0 160.0 0.0 -144.0 104.0 144.0 -104.0 -48.0 104.0 -96.0 -52.0 -48.0 -52.0 16.0 52.0 -16.0 -52.0 32.0 0.0 -80.0 52.0 112.0 -52.0 96.0 0.0 32.0 0.0 -48.0 104.0 16.0 -104.0 -176.0 52.0 80.0 -52.0 
proctoelytroplastic -192.0 0.0 160.0 0.0 -144.0 104.0 16.0 -104.0 128.0 0.0 -192.0 0.0 208.0 52.0 -112.0 -52.0 -32.0 0.0 -32.0 0.0 160.0 0.0 32.0 0.0 -16.0 52.0 -256.0 0.0 32.0 0.0 80.0 -52.0 96.0 0.0 -112.0 104.0 
proctosigmoidectomy -192.0 0.0 160.0 0.0 -144.0 104.0 16.0 -104.0 128.0 0.0 -208.0 52.0 176.0 -52.0 -80.0 52.0 96.0 52.0 16.0 -104.0 -32.0 0.0 -144.0 52.0 -16.0 -52.0 48.0 104.0 16.0 -104.0 128.0 0.0 -16.0 104.0 -80.0 -104.0 
professionalization -192.0 0.0 160.0 0.0 -144.0 52.0 -48.0 -52.0 -16.0 52.0 0.0 0.0 176.0 -52.0 32.0 0.0 -48.0 104.0 -192.0 -52.0 256.0 0.0 -48.0 -52.0 -176.0 104.0 -32.0 -52.0 112.0 -52.0 96.0 0.0 32.0 0.0 -48.0 104.0 
propanedicarboxylic -192.0 0.0 160.0 0.0 32.0 0.0 -272.0 52.0 192.0 52.0 -144.0 -104.0 16.0 52.0 144.0 -52.0 -112.0 104.0 -96.0 -52.0 80.0 -52.0 80.0 104.0 80.0 -104.0 -176.0 104.0 80.0 -104.0 112.0 52.0 -48.0 -52.0 -112.0 104.0 
prostatovesiculitis -192.0 0.0 160.0 0.0 -208.0 52.0 80.0 -52.0 -112.0 52.0 112.0 -52.0 128.0 0.0 -112.0 104.0 -80.0 -104.0 -16.0 52.0 176.0 -52.0 -112.0 104.0 80.0 -104.0 80.0 52.0 -48.0 -52.0 -96.0 0.0 96.0 0.0 -176.0 52.0 
protobasidiomycetes -192.0 0.0 160.0 0.0 -128.0 0.0 128.0 0.0 -80.0 104.0 -160.0 -52.0 32.0 0.0 176.0 -52.0 -144.0 52.0 144.0 -52.0 32.0 0.0 -16.0 104.0 -80.0 -104.0 -48.0 104.0 -48.0 -104.0 64.0 0.0 -64.0 0.0 -16.0 52.0 
pseudocartilaginous -240.0 52.0 16.0 -52.0 128.0 0.0 -112.0 52.0 176.0 -52.0 -144.0 104.0 -96.0 -52.0 80.0 -52.0 32.0 0.0 96.0 0.0 48.0 52.0 -256.0 0.0 128.0 0.0 80.0 -52.0 -16.0 104.0 48.0 -104.0 -64.0 0.0 -144.0 52.0 
pseudochromesthesia -240.0 52.0 16.0 -52.0 128.0 0.0 -112.0 52.0 176.0 -52.0 -144.0 104.0 64.0 -52.0 -80.0 -52.0 160.0 0.0 -16.0 104.0 -176.0 -104.0 -16.0 52.0 80.0 -52.0 48.0 52.0 -112.0 -52.0 -16.0 52.0 176.0 -52.0 -208.0 52.0 
pseudoerysipelatous -240.0 52.0 16.0 -52.0 128.0 0.0 -112.0 52.0 176.0 -52.0 -192.0 0.0 32.0 0.0 64.0 0.0 -112.0 52.0 176.0 -52.0 64.0 0.0 -224.0 0.0 208.0 52.0 -256.0 0.0 112.0 -52.0 128.0 0.0 -64.0 0.0 -144.0 52.0 
pseudohallucination -240.0 52.0 16.0 -52.0 128.0 0.0 -112.0 52.0 176.0 -52.0 -80.0 52.0 -160.0 0.0 256.0 0.0 0.0 0.0 -80.0 -52.0 -80.0 104.0 112.0 -104.0 -16.0 104.0 -192.0 -52.0 112.0 -52.0 96.0 0.0 32.0 0.0 -48.0 104.0 
pseudohallucinatory -240.0 52.0 16.0 -52.0 128.0 0.0 -112.0 52.0 176.0 -52.0 -80.0 52.0 -160.0 0.0 256.0 0.0 0.0 0.0 -80.0 -52.0 -80.0 104.0 112.0 -104.0 -16.0 104.0 -192.0 -52.0 112.0 -52.0 128.0 0.0 -160.0 0.0 64.0 0.0 
pseudohermaphrodite -240.0 52.0 16.0 -52.0 128.0 0.0 -112.0 52.0 176.0 -52.0 -80.0 52.0 -112.0 -52.0 32.0 0.0 144.0 104.0 -224.0 -52.0 272.0 -52.0 -112.0 52.0 -80.0 -52.0 160.0 0.0 -176.0 52.0 144.0 -52.0 -96.0 0.0 -64.0 0.0 
pseudophilanthropic -240.0 52.0 16.0 -52.0 128.0 0.0 -112.0 52.0 176.0 -52.0 32.0 0.0 -112.0 52.0 48.0 -52.0 48.0 52.0 -256.0 0.0 192.0 52.0 -80.0 -104.0 48.0 52.0 -80.0 -52.0 160.0 0.0 32.0 0.0 -64.0 0.0 -112.0 104.0 
pseudophilosophical -240.0 52.0 16.0 -52.0 128.0 0.0 -112.0 52.0 176.0 -52.0 32.0 0.0 -112.0 52.0 48.0 -52.0 48.0 52.0 -16.0 -52.0 -208.0 52.0 208.0 -52.0 32.0 0.0 -112.0 52.0 48.0 -52.0 -112.0 104.0 -96.0 -52.0 256.0 0.0 
pseudopsychological -240.0 52.0 16.0 -52.0 128.0 0.0 -112.0 52.0 176.0 -52.0 32.0 0.0 -240.0 52.0 112.0 -52.0 -48.0 104.0 64.0 -52.0 80.0 -52.0 16.0 52.0 -16.0 -52.0 -112.0 52.0 80.0 -52.0 -112.0 104.0 -96.0 -52.0 256.0 0.0 
pseudostalactitical -240.0 52.0 16.0 -52.0 128.0 0.0 -112.0 52.0 176.0 -52.0 -208.0 52.0 80.0 -52.0 -112.0 52.0 256.0 0.0 -256.0 0.0 96.0 52.0 16.0 -104.0 96.0 0.0 -96.0 0.0 96.0 0.0 -112.0 104.0 -96.0 -52.0 256.0 0.0 
pseudostalagmitical -240.0 52.0 16.0 -52.0 128.0 0.0 -112.0 52.0 176.0 -52.0 -208.0 52.0 80.0 -52.0 -112.0 52.0 256.0 0.0 -256.0 0.0 128.0 0.0 96.0 52.0 -16.0 -104.0 -96.0 0.0 96.0 0.0 -112.0 104.0 -96.0 -52.0 256.0 0.0 
pseudostereoscopism -240.0 52.0 16.0 -52.0 128.0 0.0 -112.0 52.0 176.0 -52.0 -208.0 52.0 80.0 -52.0 -64.0 0.0 32.0 0.0 -32.0 0.0 192.0 0.0 -208.0 52.0 64.0 52.0 144.0 -104.0 32.0 0.0 -64.0 0.0 -176.0 52.0 192.0 52.0 
psychodispositional -240.0 52.0 112.0 -52.0 -48.0 104.0 64.0 -52.0 80.0 -52.0 -176.0 52.0 144.0 -52.0 -176.0 52.0 240.0 -52.0 -32.0 0.0 -208.0 52.0 176.0 -52.0 -96.0 0.0 96.0 0.0 32.0 0.0 -48.0 104.0 -192.0 -52.0 256.0 0.0 
psychophysiological -240.0 52.0 112.0 -52.0 -48.0 104.0 64.0 -52.0 80.0 -52.0 32.0 0.0 -112.0 52.0 -16.0 -52.0 -112.0 52.0 176.0 -52.0 32.0 0.0 16.0 52.0 -16.0 -52.0 -112.0 52.0 80.0 -52.0 -112.0 104.0 -96.0 -52.0 256.0 0.0 
psychotechnological -240.0 52.0 112.0 -52.0 -48.0 104.0 64.0 -52.0 80.0 -52.0 -128.0 0.0 -64.0 0.0 48.0 104.0 64.0 -52.0 32.0 52.0 48.0 -104.0 16.0 52.0 -16.0 -52.0 -112.0 52.0 80.0 -52.0 -112.0 104.0 -96.0 -52.0 256.0 0.0 
psychotherapeutical -240.0 52.0 112.0 -52.0 -48.0 104.0 64.0 -52.0 80.0 -52.0 -128.0 0.0 48.0 52.0 -112.0 -52.0 32.0 0.0 -80.0 52.0 272.0 -52.0 -224.0 0.0 128.0 0.0 -64.0 0.0 96.0 0.0 -112.0 104.0 -96.0 -52.0 256.0 0.0 
pteridospermaphytic -160.0 0.0 -64.0 0.0 32.0 0.0 128.0 0.0 -144.0 52.0 176.0 -52.0 -208.0 52.0 240.0 -52.0 -224.0 0.0 32.0 0.0 144.0 104.0 -224.0 -52.0 272.0 -52.0 -112.0 52.0 -16.0 -52.0 -32.0 0.0 96.0 0.0 -112.0 104.0 
pyopneumoperitoneum -128.0 0.0 96.0 0.0 32.0 0.0 -80.0 104.0 -144.0 -104.0 128.0 0.0 48.0 104.0 16.0 -104.0 32.0 0.0 -224.0 0.0 32.0 0.0 128.0 0.0 -96.0 0.0 128.0 0.0 -48.0 104.0 -144.0 -104.0 128.0 0.0 48.0 104.0 
remisrepresentation -32.0 0.0 176.0 104.0 -16.0 -104.0 -176.0 52.0 48.0 -52.0 -32.0 0.0 224.0 0.0 -192.0 0.0 -32.0 0.0 -16.0 52.0 16.0 -52.0 144.0 104.0 -80.0 -104.0 -112.0 52.0 112.0 -52.0 96.0 0.0 32.0 0.0 -48.0 104.0 
representationalism -32.0 0.0 224.0 0.0 -192.0 0.0 -32.0 0.0 -16.0 52.0 16.0 -52.0 144.0 104.0 -80.0 -104.0 -112.0 52.0 112.0 -52.0 96.0 0.0 32.0 0.0 -48.0 104.0 -192.0 -52.0 256.0 0.0 -48.0 -52.0 -176.0 52.0 192.0 52.0 
representationalist -32.0 0.0 224.0 0.0 -192.0 0.0 -32.0 0.0 -16.0 52.0 16.0 -52.0 144.0 104.0 -80.0 -104.0 -112.0 52.0 112.0 -52.0 96.0 0.0 32.0 0.0 -48.0 104.0 -192.0 -52.0 256.0 0.0 -48.0 -52.0 -176.0 52.0 80.0 -52.0 
resorcinolphthalein -32.0 0.0 -16.0 52.0 208.0 -52.0 -160.0 0.0 16.0 104.0 112.0 -104.0 -16.0 104.0 48.0 -104.0 16.0 52.0 16.0 -52.0 -112.0 52.0 -48.0 -52.0 48.0 52.0 -160.0 0.0 256.0 0.0 -208.0 -52.0 160.0 0.0 -16.0 104.0 
reticulatogranulate -32.0 0.0 64.0 0.0 96.0 0.0 -112.0 104.0 80.0 -104.0 80.0 52.0 -256.0 0.0 112.0 -52.0 128.0 0.0 -112.0 52.0 -48.0 -52.0 -80.0 52.0 192.0 52.0 -16.0 -104.0 80.0 52.0 -256.0 0.0 112.0 -52.0 -64.0 0.0 
saccharochemotropic -32.0 0.0 96.0 52.0 0.0 0.0 64.0 -52.0 -160.0 0.0 80.0 -52.0 160.0 0.0 -144.0 104.0 64.0 -52.0 -112.0 -52.0 176.0 104.0 16.0 -104.0 -128.0 0.0 -32.0 0.0 160.0 0.0 32.0 0.0 -64.0 0.0 -112.0 104.0 
saccharofarinaceous -32.0 0.0 96.0 52.0 0.0 0.0 64.0 -52.0 -160.0 0.0 80.0 -52.0 160.0 0.0 -144.0 52.0 -96.0 0.0 80.0 -52.0 128.0 0.0 -16.0 104.0 -192.0 -52.0 96.0 52.0 -48.0 -104.0 192.0 0.0 -64.0 0.0 -144.0 52.0 
saccharomycetaceous -32.0 0.0 96.0 52.0 0.0 0.0 64.0 -52.0 -160.0 0.0 80.0 -52.0 160.0 0.0 -16.0 104.0 -80.0 -104.0 -48.0 104.0 -48.0 -104.0 64.0 0.0 -112.0 52.0 96.0 52.0 -48.0 -104.0 192.0 0.0 -64.0 0.0 -144.0 52.0 
salpingocatheterism -32.0 0.0 256.0 0.0 16.0 -52.0 -64.0 0.0 -16.0 104.0 -64.0 -52.0 112.0 -52.0 -144.0 104.0 -96.0 -52.0 112.0 -52.0 48.0 52.0 -112.0 -52.0 64.0 0.0 -64.0 0.0 32.0 0.0 128.0 0.0 -176.0 52.0 192.0 52.0 
salpingoperitonitis -32.0 0.0 256.0 0.0 16.0 -52.0 -64.0 0.0 -16.0 104.0 -64.0 -52.0 112.0 -52.0 32.0 0.0 -224.0 0.0 32.0 0.0 128.0 0.0 -96.0 0.0 128.0 0.0 -48.0 104.0 16.0 -104.0 -96.0 0.0 96.0 0.0 -176.0 52.0 
salpingostenochoria -32.0 0.0 256.0 0.0 16.0 -52.0 -64.0 0.0 -16.0 104.0 -64.0 -52.0 112.0 -52.0 -208.0 52.0 80.0 -52.0 -64.0 0.0 144.0 104.0 48.0 -104.0 -144.0 104.0 64.0 -52.0 80.0 -52.0 -160.0 0.0 128.0 0.0 -208.0 52.0 
sanguineophlegmatic -32.0 0.0 192.0 52.0 -64.0 -52.0 48.0 -52.0 32.0 0.0 -16.0 104.0 -144.0 -104.0 192.0 0.0 32.0 0.0 -112.0 52.0 96.0 0.0 -208.0 -52.0 80.0 52.0 96.0 52.0 -224.0 -52.0 112.0 -52.0 96.0 0.0 -112.0 104.0 
schematologetically 64.0 52.0 64.0 -52.0 -112.0 -52.0 176.0 104.0 -224.0 -52.0 112.0 -52.0 128.0 0.0 16.0 52.0 -16.0 -52.0 -112.0 52.0 -80.0 -52.0 64.0 0.0 96.0 0.0 -112.0 104.0 -96.0 -52.0 256.0 0.0 0.0 0.0 -112.0 -52.0 
schoolmasterishness 64.0 52.0 64.0 -52.0 80.0 -52.0 0.0 0.0 16.0 52.0 -32.0 52.0 -224.0 -52.0 32.0 0.0 80.0 -52.0 -64.0 0.0 32.0 0.0 128.0 0.0 -176.0 52.0 128.0 0.0 32.0 52.0 -144.0 -104.0 -16.0 52.0 0.0 0.0 
scientificoromantic 64.0 52.0 112.0 -104.0 -160.0 0.0 144.0 104.0 -80.0 -104.0 96.0 0.0 -112.0 52.0 112.0 -52.0 -112.0 104.0 144.0 -104.0 -160.0 0.0 160.0 0.0 -16.0 104.0 -224.0 -52.0 192.0 52.0 -80.0 -104.0 96.0 0.0 -112.0 104.0 
scrofulotuberculous 64.0 52.0 -16.0 -104.0 160.0 0.0 -144.0 52.0 80.0 -52.0 80.0 52.0 -16.0 -52.0 -128.0 0.0 64.0 0.0 -16.0 104.0 -112.0 -104.0 32.0 0.0 16.0 104.0 80.0 -104.0 80.0 52.0 -16.0 -52.0 -64.0 0.0 -144.0 52.0 
semiantiministerial 16.0 -52.0 176.0 104.0 -16.0 -104.0 -208.0 52.0 192.0 52.0 -80.0 -104.0 96.0 0.0 16.0 104.0 -16.0 -104.0 -16.0 104.0 16.0 -104.0 -176.0 52.0 80.0 -52.0 -64.0 0.0 32.0 0.0 128.0 0.0 -208.0 52.0 256.0 0.0 
seminationalization 16.0 -52.0 176.0 104.0 -16.0 -104.0 -16.0 104.0 -192.0 -52.0 112.0 -52.0 96.0 0.0 32.0 0.0 -48.0 104.0 -192.0 -52.0 256.0 0.0 -48.0 -52.0 -176.0 104.0 -32.0 -52.0 112.0 -52.0 96.0 0.0 32.0 0.0 -48.0 104.0 
semispontaneousness 16.0 -52.0 176.0 104.0 -16.0 -104.0 -176.0 52.0 240.0 -52.0 -32.0 0.0 -48.0 104.0 -80.0 -104.0 -112.0 52.0 192.0 52.0 -144.0 -104.0 192.0 0.0 -64.0 0.0 -144.0 52.0 160.0 52.0 -144.0 -104.0 -16.0 52.0 0.0 0.0 
sigmoidoproctostomy 176.0 -52.0 -80.0 52.0 96.0 52.0 16.0 -104.0 -32.0 0.0 -144.0 52.0 176.0 -52.0 32.0 0.0 -192.0 0.0 160.0 0.0 -144.0 104.0 16.0 -104.0 128.0 0.0 -208.0 52.0 80.0 -52.0 128.0 0.0 -16.0 104.0 -80.0 -104.0 
spectroheliographic 240.0 -52.0 -224.0 0.0 48.0 104.0 16.0 -104.0 -32.0 0.0 160.0 0.0 -80.0 52.0 -112.0 -52.0 208.0 52.0 -48.0 -52.0 32.0 0.0 -112.0 52.0 -48.0 -52.0 -80.0 52.0 272.0 -52.0 -112.0 52.0 48.0 -52.0 -112.0 104.0 
sphericocylindrical 240.0 -52.0 -112.0 52.0 -112.0 -52.0 32.0 0.0 128.0 0.0 -112.0 104.0 144.0 -104.0 -144.0 104.0 48.0 -104.0 112.0 52.0 -48.0 -52.0 -16.0 104.0 -128.0 -52.0 16.0 -52.0 128.0 0.0 -112.0 104.0 -96.0 -52.0 256.0 0.0 
sphericotetrahedral 240.0 -52.0 -112.0 52.0 -112.0 -52.0 32.0 0.0 128.0 0.0 -112.0 104.0 144.0 -104.0 -128.0 0.0 -64.0 0.0 64.0 0.0 -32.0 0.0 -80.0 52.0 160.0 0.0 -112.0 -52.0 16.0 52.0 16.0 -52.0 -80.0 52.0 256.0 0.0 
squamatotuberculate -48.0 -52.0 192.0 0.0 -176.0 52.0 224.0 52.0 -224.0 -52.0 112.0 -52.0 128.0 0.0 -128.0 0.0 64.0 0.0 -16.0 104.0 -112.0 -104.0 32.0 0.0 16.0 104.0 80.0 -104.0 80.0 52.0 -256.0 0.0 112.0 -52.0 -64.0 0.0 
steganophthalmatous 80.0 -52.0 -64.0 0.0 80.0 52.0 -128.0 0.0 192.0 52.0 48.0 -104.0 32.0 0.0 -112.0 52.0 -48.0 -52.0 48.0 52.0 -160.0 0.0 256.0 0.0 -32.0 52.0 -224.0 -52.0 112.0 -52.0 128.0 0.0 -64.0 0.0 -144.0 52.0 
stereochromatically 80.0 -52.0 -64.0 0.0 32.0 0.0 -32.0 0.0 192.0 0.0 -144.0 104.0 64.0 -52.0 -80.0 -52.0 160.0 0.0 -16.0 104.0 -224.0 -52.0 112.0 -52.0 96.0 0.0 -112.0 104.0 -96.0 -52.0 256.0 0.0 0.0 0.0 -112.0 -52.0 
stereoroentgenogram 80.0 -52.0 -64.0 0.0 32.0 0.0 -32.0 0.0 192.0 0.0 -160.0 0.0 160.0 0.0 -192.0 0.0 144.0 104.0 -80.0 -104.0 16.0 52.0 -80.0 -52.0 144.0 104.0 48.0 -104.0 -112.0 52.0 -48.0 -52.0 -80.0 52.0 224.0 52.0 
sternocleidomastoid 80.0 -52.0 -64.0 0.0 32.0 0.0 112.0 104.0 48.0 -104.0 -144.0 104.0 160.0 -52.0 -208.0 -52.0 160.0 0.0 -144.0 52.0 176.0 -52.0 -16.0 104.0 -224.0 -52.0 32.0 0.0 80.0 -52.0 128.0 0.0 -32.0 0.0 -144.0 52.0 
straightforwardness 80.0 -52.0 -32.0 0.0 -80.0 52.0 208.0 -52.0 -80.0 52.0 32.0 0.0 -48.0 -52.0 -16.0 52.0 144.0 -52.0 -160.0 0.0 -64.0 0.0 -16.0 52.0 80.0 -52.0 -16.0 52.0 128.0 52.0 -144.0 -104.0 -16.0 52.0 0.0 0.0 
sulfamethylthiazole 144.0 -52.0 80.0 52.0 -160.0 0.0 -96.0 0.0 224.0 52.0 -176.0 -104.0 64.0 0.0 48.0 52.0 -16.0 -52.0 112.0 52.0 -144.0 -52.0 48.0 52.0 48.0 -52.0 -208.0 52.0 32.0 52.0 208.0 -104.0 16.0 52.0 -208.0 -52.0 
sulfanilylguanidine 144.0 -52.0 80.0 52.0 -160.0 0.0 -96.0 0.0 192.0 52.0 16.0 -104.0 48.0 52.0 -112.0 -52.0 112.0 52.0 -128.0 0.0 48.0 -52.0 -176.0 52.0 192.0 52.0 16.0 -104.0 -144.0 52.0 144.0 -52.0 -16.0 104.0 -144.0 -104.0 
sulphonethylmethane 144.0 -52.0 80.0 52.0 16.0 -52.0 -112.0 52.0 80.0 -52.0 -48.0 104.0 -144.0 -104.0 64.0 0.0 48.0 52.0 -16.0 -52.0 112.0 52.0 -32.0 52.0 -176.0 -104.0 64.0 0.0 48.0 52.0 -160.0 0.0 192.0 52.0 -144.0 -104.0 
superacknowledgment 144.0 -52.0 96.0 0.0 -224.0 0.0 32.0 0.0 -80.0 52.0 96.0 52.0 128.0 -52.0 -32.0 52.0 48.0 -104.0 -224.0 0.0 240.0 52.0 -208.0 -52.0 16.0 52.0 64.0 0.0 96.0 52.0 -176.0 -104.0 144.0 104.0 -80.0 -104.0 
superadministration 144.0 -52.0 96.0 0.0 -224.0 0.0 32.0 0.0 -80.0 52.0 64.0 0.0 160.0 52.0 -16.0 -104.0 -16.0 104.0 16.0 -104.0 -176.0 52.0 80.0 -52.0 -32.0 0.0 -80.0 52.0 112.0 -52.0 96.0 0.0 32.0 0.0 -48.0 104.0 
superconstitutional 144.0 -52.0 96.0 0.0 -224.0 0.0 32.0 0.0 16.0 104.0 144.0 -104.0 -48.0 104.0 -160.0 -52.0 80.0 -52.0 96.0 0.0 -96.0 0.0 64.0 0.0 -64.0 0.0 96.0 0.0 32.0 0.0 -48.0 104.0 -192.0 -52.0 256.0 0.0 
superseptuaginarian 144.0 -52.0 96.0 0.0 -224.0 0.0 32.0 0.0 -48.0 52.0 16.0 -52.0 224.0 0.0 -160.0 0.0 64.0 0.0 -176.0 52.0 128.0 0.0 80.0 -52.0 -16.0 104.0 -192.0 -52.0 80.0 -52.0 128.0 0.0 -208.0 52.0 192.0 52.0 
supersubstantiality 144.0 -52.0 96.0 0.0 -224.0 0.0 32.0 0.0 -48.0 52.0 144.0 -52.0 -16.0 104.0 -128.0 -52.0 80.0 -52.0 -112.0 52.0 192.0 52.0 -80.0 -104.0 96.0 0.0 -208.0 52.0 256.0 0.0 -48.0 -52.0 -96.0 0.0 32.0 0.0 
supersuperabundance 144.0 -52.0 96.0 0.0 -224.0 0.0 32.0 0.0 -48.0 52.0 144.0 -52.0 96.0 0.0 -224.0 0.0 32.0 0.0 -80.0 52.0 160.0 52.0 16.0 -104.0 16.0 104.0 -128.0 -52.0 -64.0 0.0 192.0 52.0 -96.0 0.0 -48.0 -104.0 
supertranscendently 144.0 -52.0 96.0 0.0 -224.0 0.0 32.0 0.0 32.0 0.0 -32.0 0.0 -80.0 52.0 192.0 52.0 -160.0 -52.0 64.0 52.0 -48.0 -104.0 144.0 104.0 -128.0 -52.0 -16.0 -52.0 144.0 104.0 -80.0 -104.0 144.0 52.0 -112.0 -52.0 
symptomatologically 112.0 -52.0 80.0 104.0 48.0 -104.0 -160.0 0.0 128.0 0.0 -16.0 104.0 -224.0 -52.0 112.0 -52.0 128.0 0.0 16.0 52.0 -16.0 -52.0 -112.0 52.0 80.0 -52.0 -112.0 104.0 -96.0 -52.0 256.0 0.0 0.0 0.0 -112.0 -52.0 
tetrachloroethylene -64.0 0.0 64.0 0.0 -32.0 0.0 -80.0 52.0 96.0 52.0 64.0 -52.0 96.0 0.0 -16.0 -52.0 -160.0 0.0 160.0 0.0 -192.0 0.0 64.0 0.0 48.0 52.0 -16.0 -52.0 112.0 52.0 -208.0 -52.0 144.0 104.0 -144.0 -104.0 
tetramethylammonium -64.0 0.0 64.0 0.0 -32.0 0.0 -80.0 52.0 224.0 52.0 -176.0 -104.0 64.0 0.0 48.0 52.0 -16.0 -52.0 112.0 52.0 -256.0 0.0 224.0 52.0 0.0 0.0 16.0 -104.0 -48.0 104.0 16.0 -104.0 -32.0 0.0 48.0 104.0 
theoanthropomorphic 48.0 52.0 -112.0 -52.0 192.0 0.0 -240.0 52.0 192.0 52.0 -80.0 -104.0 48.0 52.0 -80.0 -52.0 160.0 0.0 32.0 0.0 -32.0 0.0 -16.0 104.0 16.0 -104.0 -160.0 0.0 192.0 0.0 -112.0 52.0 48.0 -52.0 -112.0 104.0 
theologicopolitical 48.0 52.0 -112.0 -52.0 192.0 0.0 16.0 52.0 -16.0 -52.0 -112.0 52.0 80.0 -52.0 -112.0 104.0 144.0 -104.0 32.0 0.0 -32.0 0.0 16.0 52.0 -48.0 -52.0 -96.0 0.0 96.0 0.0 -112.0 104.0 -96.0 -52.0 256.0 0.0 
theoreticopractical 48.0 52.0 -112.0 -52.0 192.0 0.0 -160.0 0.0 -32.0 0.0 64.0 0.0 96.0 0.0 -112.0 104.0 144.0 -104.0 32.0 0.0 -192.0 0.0 -80.0 52.0 96.0 52.0 16.0 -104.0 96.0 0.0 -112.0 104.0 -96.0 -52.0 256.0 0.0 
thermoelectromotive 48.0 52.0 -112.0 -52.0 32.0 0.0 144.0 104.0 16.0 -104.0 -192.0 0.0 208.0 52.0 -208.0 -52.0 48.0 104.0 16.0 -104.0 -32.0 0.0 160.0 0.0 -16.0 104.0 16.0 -104.0 -128.0 0.0 96.0 0.0 -80.0 104.0 -80.0 -104.0 
thermohyperesthesia 48.0 52.0 -112.0 -52.0 32.0 0.0 144.0 104.0 16.0 -104.0 -80.0 52.0 -16.0 -52.0 128.0 0.0 -224.0 0.0 32.0 0.0 -32.0 0.0 -16.0 52.0 80.0 -52.0 48.0 52.0 -112.0 -52.0 -16.0 52.0 176.0 -52.0 -208.0 52.0 
thrombolymphangitis 48.0 52.0 -80.0 -52.0 160.0 0.0 -16.0 104.0 -64.0 0.0 80.0 -104.0 16.0 52.0 -112.0 -52.0 80.0 104.0 48.0 -104.0 -112.0 52.0 -160.0 0.0 192.0 52.0 -64.0 -52.0 80.0 -52.0 -96.0 0.0 96.0 0.0 -176.0 52.0 
transcendentalistic -32.0 0.0 -80.0 52.0 192.0 52.0 -160.0 -52.0 64.0 52.0 -48.0 -104.0 144.0 104.0 -128.0 -52.0 -16.0 -52.0 144.0 104.0 -80.0 -104.0 -112.0 52.0 256.0 0.0 -48.0 -52.0 -176.0 52.0 80.0 -52.0 96.0 0.0 -112.0 104.0 
triangulotriangular -32.0 0.0 128.0 0.0 -208.0 52.0 192.0 52.0 -64.0 -52.0 48.0 -52.0 80.0 52.0 -16.0 -52.0 -128.0 0.0 -32.0 0.0 128.0 0.0 -208.0 52.0 192.0 52.0 -64.0 -52.0 48.0 -52.0 80.0 52.0 -256.0 0.0 80.0 -52.0 
tribophosphorescent -32.0 0.0 128.0 0.0 -48.0 104.0 80.0 -104.0 32.0 0.0 -112.0 52.0 80.0 -52.0 -208.0 52.0 240.0 -52.0 -112.0 52.0 80.0 -52.0 -160.0 0.0 -32.0 0.0 -16.0 52.0 64.0 52.0 -48.0 -104.0 144.0 104.0 -80.0 -104.0 
tribophosphoroscope -32.0 0.0 128.0 0.0 -48.0 104.0 80.0 -104.0 32.0 0.0 -112.0 52.0 80.0 -52.0 -208.0 52.0 240.0 -52.0 -112.0 52.0 80.0 -52.0 -160.0 0.0 160.0 0.0 -208.0 52.0 64.0 52.0 144.0 -104.0 32.0 0.0 -224.0 0.0 
trigonododecahedron -32.0 0.0 128.0 0.0 -80.0 52.0 112.0 -52.0 -48.0 104.0 48.0 -104.0 -176.0 52.0 176.0 -52.0 -176.0 52.0 -16.0 -52.0 48.0 104.0 -96.0 -52.0 160.0 0.0 -112.0 -52.0 16.0 52.0 16.0 -52.0 160.0 0.0 -48.0 104.0 
ultrabrachycephalic 80.0 52.0 -144.0 -52.0 -32.0 0.0 -80.0 52.0 160.0 52.0 -80.0 -104.0 -80.0 52.0 96.0 52.0 64.0 -52.0 -16.0 -52.0 -48.0 104.0 -48.0 -104.0 224.0 0.0 -112.0 52.0 -160.0 0.0 256.0 0.0 -48.0 -52.0 -112.0 104.0 
ultracentenarianism 80.0 52.0 -144.0 -52.0 -32.0 0.0 -80.0 52.0 96.0 52.0 -48.0 -104.0 144.0 104.0 -80.0 -104.0 -64.0 0.0 144.0 104.0 -192.0 -52.0 80.0 -52.0 128.0 0.0 -208.0 52.0 192.0 52.0 16.0 -104.0 -176.0 52.0 192.0 52.0 
ultracrepidarianism 80.0 52.0 -144.0 -52.0 -32.0 0.0 -80.0 52.0 96.0 52.0 -16.0 -104.0 -32.0 0.0 224.0 0.0 -64.0 0.0 -144.0 52.0 -64.0 0.0 80.0 -52.0 128.0 0.0 -208.0 52.0 192.0 52.0 16.0 -104.0 -176.0 52.0 192.0 52.0 
ultradolichocephaly 80.0 52.0 -144.0 -52.0 -32.0 0.0 -80.0 52.0 64.0 0.0 176.0 -52.0 16.0 52.0 -48.0 -52.0 -112.0 104.0 64.0 -52.0 80.0 -52.0 -144.0 104.0 -48.0 -104.0 224.0 0.0 -112.0 52.0 -160.0 0.0 256.0 0.0 -112.0 -52.0 
ultradolichocranial 80.0 52.0 -144.0 -52.0 -32.0 0.0 -80.0 52.0 64.0 0.0 176.0 -52.0 16.0 52.0 -48.0 -52.0 -112.0 104.0 64.0 -52.0 80.0 -52.0 -144.0 104.0 -16.0 -104.0 -80.0 52.0 192.0 52.0 16.0 -104.0 -208.0 52.0 256.0 0.0 
ultramicrochemistry 80.0 52.0 -144.0 -52.0 -32.0 0.0 -80.0 52.0 224.0 52.0 -16.0 -104.0 -112.0 104.0 -16.0 -104.0 160.0 0.0 -144.0 104.0 64.0 -52.0 -112.0 -52.0 176.0 104.0 -16.0 -104.0 -176.0 52.0 80.0 -52.0 -32.0 0.0 64.0 0.0 
ultraspecialization 80.0 52.0 -144.0 -52.0 -32.0 0.0 -80.0 52.0 32.0 0.0 240.0 -52.0 -224.0 0.0 48.0 104.0 112.0 -104.0 -208.0 52.0 256.0 0.0 -48.0 -52.0 -176.0 104.0 -32.0 -52.0 112.0 -52.0 96.0 0.0 32.0 0.0 -48.0 104.0 
unaccommodatingness 16.0 104.0 -192.0 -52.0 96.0 52.0 0.0 0.0 144.0 -104.0 -16.0 104.0 0.0 0.0 16.0 -104.0 -176.0 52.0 -64.0 0.0 112.0 -52.0 96.0 0.0 -16.0 104.0 -64.0 -52.0 64.0 52.0 -144.0 -104.0 -16.0 52.0 0.0 0.0 
unapprehendableness 16.0 104.0 -192.0 -52.0 272.0 -52.0 0.0 0.0 -192.0 0.0 -32.0 0.0 112.0 52.0 -112.0 -52.0 144.0 104.0 -128.0 -52.0 -64.0 0.0 160.0 52.0 96.0 -52.0 -208.0 -52.0 144.0 104.0 -144.0 -104.0 -16.0 52.0 0.0 0.0 
unapprehensibleness 16.0 104.0 -192.0 -52.0 272.0 -52.0 0.0 0.0 -192.0 0.0 -32.0 0.0 112.0 52.0 -112.0 -52.0 144.0 104.0 -160.0 -52.0 176.0 -52.0 -48.0 104.0 96.0 -52.0 -208.0 -52.0 144.0 104.0 -144.0 -104.0 -16.0 52.0 0.0 0.0 
unascertainableness 16.0 104.0 -192.0 -52.0 32.0 0.0 64.0 52.0 -48.0 -104.0 32.0 0.0 32.0 0.0 -112.0 52.0 208.0 -52.0 -16.0 104.0 -192.0 -52.0 160.0 52.0 96.0 -52.0 -208.0 -52.0 144.0 104.0 -144.0 -104.0 -16.0 52.0 0.0 0.0 
unauthoritativeness 16.0 104.0 -192.0 -52.0 176.0 -52.0 -64.0 0.0 48.0 52.0 80.0 -52.0 -160.0 0.0 128.0 0.0 -96.0 0.0 -112.0 52.0 112.0 -52.0 96.0 0.0 -80.0 104.0 -80.0 -104.0 144.0 104.0 -144.0 -104.0 -16.0 52.0 0.0 0.0 
unchallengeableness 16.0 104.0 -96.0 0.0 64.0 -52.0 -160.0 0.0 256.0 0.0 0.0 0.0 -208.0 -52.0 144.0 104.0 -64.0 -52.0 -80.0 -52.0 -48.0 52.0 160.0 52.0 96.0 -52.0 -208.0 -52.0 144.0 104.0 -144.0 -104.0 -16.0 52.0 0.0 0.0 
uncircumscribedness 16.0 104.0 -96.0 0.0 112.0 -104.0 -128.0 0.0 16.0 104.0 80.0 -104.0 48.0 104.0 -192.0 -52.0 64.0 52.0 -16.0 -104.0 128.0 0.0 -48.0 104.0 -112.0 -104.0 16.0 52.0 128.0 52.0 -144.0 -104.0 -16.0 52.0 0.0 0.0 
uncommensurableness 16.0 104.0 -96.0 0.0 144.0 -104.0 -16.0 104.0 0.0 0.0 -176.0 -104.0 144.0 104.0 -160.0 -52.0 144.0 -52.0 -96.0 0.0 -80.0 52.0 160.0 52.0 96.0 -52.0 -208.0 -52.0 144.0 104.0 -144.0 -104.0 -16.0 52.0 0.0 0.0 
uncommunicativeness 16.0 104.0 -96.0 0.0 144.0 -104.0 -16.0 104.0 0.0 0.0 -48.0 -104.0 16.0 104.0 16.0 -104.0 -112.0 104.0 -96.0 -52.0 112.0 -52.0 96.0 0.0 -80.0 104.0 -80.0 -104.0 144.0 104.0 -144.0 -104.0 -16.0 52.0 0.0 0.0 
uncompassionateness 16.0 104.0 -96.0 0.0 144.0 -104.0 -16.0 104.0 48.0 -104.0 -272.0 52.0 32.0 0.0 0.0 0.0 176.0 -52.0 32.0 0.0 -48.0 104.0 -192.0 -52.0 112.0 -52.0 -64.0 0.0 144.0 104.0 -144.0 -104.0 -16.0 52.0 0.0 0.0 
uncomprehendingness 16.0 104.0 -96.0 0.0 144.0 -104.0 -16.0 104.0 48.0 -104.0 -192.0 0.0 -32.0 0.0 112.0 52.0 -112.0 -52.0 144.0 104.0 -128.0 -52.0 144.0 -52.0 -16.0 104.0 -64.0 -52.0 64.0 52.0 -144.0 -104.0 -16.0 52.0 0.0 0.0 
uncomprehensiveness 16.0 104.0 -96.0 0.0 144.0 -104.0 -16.0 104.0 48.0 -104.0 -192.0 0.0 -32.0 0.0 112.0 52.0 -112.0 -52.0 144.0 104.0 -160.0 -52.0 176.0 -52.0 -80.0 104.0 -80.0 -104.0 144.0 104.0 -144.0 -104.0 -16.0 52.0 0.0 0.0 
unconscientiousness 16.0 104.0 -96.0 0.0 144.0 -104.0 -48.0 104.0 -160.0 -52.0 64.0 52.0 112.0 -104.0 -160.0 0.0 144.0 104.0 -80.0 -104.0 96.0 0.0 32.0 0.0 -64.0 0.0 -144.0 52.0 160.0 52.0 -144.0 -104.0 -16.0 52.0 0.0 0.0 
unconsequentialness 16.0 104.0 -96.0 0.0 144.0 -104.0 -48.0 104.0 -160.0 -52.0 16.0 -52.0 -64.0 0.0 192.0 0.0 -128.0 0.0 144.0 104.0 -80.0 -104.0 96.0 0.0 -208.0 52.0 256.0 0.0 -64.0 52.0 -144.0 -104.0 -16.0 52.0 0.0 0.0 
unconstitutionalism 16.0 104.0 -96.0 0.0 144.0 -104.0 -48.0 104.0 -160.0 -52.0 80.0 -52.0 96.0 0.0 -96.0 0.0 64.0 0.0 -64.0 0.0 96.0 0.0 32.0 0.0 -48.0 104.0 -192.0 -52.0 256.0 0.0 -48.0 -52.0 -176.0 52.0 192.0 52.0 
unconstitutionality 16.0 104.0 -96.0 0.0 144.0 -104.0 -48.0 104.0 -160.0 -52.0 80.0 -52.0 96.0 0.0 -96.0 0.0 64.0 0.0 -64.0 0.0 96.0 0.0 32.0 0.0 -48.0 104.0 -192.0 -52.0 256.0 0.0 -48.0 -52.0 -96.0 0.0 32.0 0.0 
uncrystallizability 16.0 104.0 -96.0 0.0 -16.0 -104.0 64.0 0.0 -112.0 52.0 80.0 -52.0 -112.0 52.0 256.0 0.0 0.0 0.0 -48.0 -52.0 -176.0 104.0 -32.0 -52.0 160.0 52.0 48.0 -104.0 48.0 52.0 -48.0 -52.0 -96.0 0.0 32.0 0.0 
undemonstrativeness 16.0 104.0 -128.0 -52.0 -16.0 -52.0 176.0 104.0 16.0 -104.0 -48.0 104.0 -160.0 -52.0 80.0 -52.0 -32.0 0.0 -80.0 52.0 112.0 -52.0 96.0 0.0 -80.0 104.0 -80.0 -104.0 144.0 104.0 -144.0 -104.0 -16.0 52.0 0.0 0.0 
undenominationalism 16.0 104.0 -128.0 -52.0 -16.0 -52.0 144.0 104.0 48.0 -104.0 -16.0 104.0 -16.0 -104.0 -16.0 104.0 -192.0 -52.0 112.0 -52.0 96.0 0.0 32.0 0.0 -48.0 104.0 -192.0 -52.0 256.0 0.0 -48.0 -52.0 -176.0 52.0 192.0 52.0 
undenominationalist 16.0 104.0 -128.0 -52.0 -16.0 -52.0 144.0 104.0 48.0 -104.0 -16.0 104.0 -16.0 -104.0 -16.0 104.0 -192.0 -52.0 112.0 -52.0 96.0 0.0 32.0 0.0 -48.0 104.0 -192.0 -52.0 256.0 0.0 -48.0 -52.0 -176.0 52.0 80.0 -52.0 
undenominationalize 16.0 104.0 -128.0 -52.0 -16.0 -52.0 144.0 104.0 48.0 -104.0 -16.0 104.0 -16.0 -104.0 -16.0 104.0 -192.0 -52.0 112.0 -52.0 96.0 0.0 32.0 0.0 -48.0 104.0 -192.0 -52.0 256.0 0.0 -48.0 -52.0 -176.0 104.0 16.0 -104.0 
undercapitalization 16.0 104.0 -128.0 -52.0 -16.0 -52.0 32.0 0.0 16.0 104.0 -96.0 -52.0 272.0 -52.0 -64.0 0.0 -96.0 0.0 -112.0 52.0 256.0 0.0 -48.0 -52.0 -176.0 104.0 -32.0 -52.0 112.0 -52.0 96.0 0.0 32.0 0.0 -48.0 104.0 
underrepresentation 16.0 104.0 -128.0 -52.0 -16.0 -52.0 32.0 0.0 0.0 0.0 -32.0 0.0 224.0 0.0 -192.0 0.0 -32.0 0.0 -16.0 52.0 16.0 -52.0 144.0 104.0 -80.0 -104.0 -112.0 52.0 112.0 -52.0 96.0 0.0 32.0 0.0 -48.0 104.0 
unexceptionableness 16.0 104.0 -144.0 -104.0 16.0 104.0 32.0 0.0 -48.0 -104.0 224.0 0.0 -160.0 0.0 96.0 0.0 32.0 0.0 -48.0 104.0 -192.0 -52.0 160.0 52.0 96.0 -52.0 -208.0 -52.0 144.0 104.0 -144.0 -104.0 -16.0 52.0 0.0 0.0 
ungentlemanlikeness 16.0 104.0 -64.0 -52.0 -80.0 -52.0 144.0 104.0 -80.0 -104.0 144.0 52.0 -208.0 -52.0 176.0 104.0 -224.0 -52.0 192.0 52.0 64.0 -52.0 -48.0 -52.0 16.0 52.0 -176.0 -52.0 144.0 104.0 -144.0 -104.0 -16.0 52.0 0.0 0.0 
unimpressionability 16.0 104.0 16.0 -104.0 16.0 104.0 48.0 -104.0 -192.0 0.0 -32.0 0.0 -16.0 52.0 0.0 0.0 176.0 -52.0 32.0 0.0 -48.0 104.0 -192.0 -52.0 160.0 52.0 48.0 -104.0 48.0 52.0 -48.0 -52.0 -96.0 0.0 32.0 0.0 
uninterruptibleness 16.0 104.0 16.0 -104.0 -16.0 104.0 -80.0 -104.0 -64.0 0.0 32.0 0.0 0.0 0.0 96.0 0.0 96.0 0.0 -160.0 0.0 96.0 0.0 -48.0 104.0 96.0 -52.0 -208.0 -52.0 144.0 104.0 -144.0 -104.0 -16.0 52.0 0.0 0.0 
unmisunderstandable 16.0 104.0 32.0 0.0 -16.0 -104.0 -176.0 52.0 144.0 -52.0 16.0 104.0 -128.0 -52.0 -16.0 -52.0 32.0 0.0 -48.0 52.0 80.0 -52.0 -112.0 52.0 192.0 52.0 -128.0 -52.0 -64.0 0.0 160.0 52.0 96.0 -52.0 -208.0 -52.0 
unobjectionableness 16.0 104.0 48.0 -104.0 -80.0 104.0 32.0 -52.0 -144.0 -52.0 48.0 104.0 16.0 -104.0 96.0 0.0 32.0 0.0 -48.0 104.0 -192.0 -52.0 160.0 52.0 96.0 -52.0 -208.0 -52.0 144.0 104.0 -144.0 -104.0 -16.0 52.0 0.0 0.0 
unphilanthropically 16.0 104.0 80.0 -104.0 -112.0 52.0 48.0 -52.0 48.0 52.0 -256.0 0.0 192.0 52.0 -80.0 -104.0 48.0 52.0 -80.0 -52.0 160.0 0.0 32.0 0.0 -64.0 0.0 -112.0 104.0 -96.0 -52.0 256.0 0.0 0.0 0.0 -112.0 -52.0 
unphilosophicalness 16.0 104.0 80.0 -104.0 -112.0 52.0 48.0 -52.0 48.0 52.0 -16.0 -52.0 -208.0 52.0 208.0 -52.0 32.0 0.0 -112.0 52.0 48.0 -52.0 -112.0 104.0 -96.0 -52.0 256.0 0.0 -64.0 52.0 -144.0 -104.0 -16.0 52.0 0.0 0.0 
unprepossessingness 16.0 104.0 80.0 -104.0 -192.0 0.0 -32.0 0.0 224.0 0.0 -32.0 0.0 -208.0 52.0 0.0 0.0 16.0 -52.0 -16.0 52.0 0.0 0.0 176.0 -52.0 -16.0 104.0 -64.0 -52.0 64.0 52.0 -144.0 -104.0 -16.0 52.0 0.0 0.0 
unproportionateness 16.0 104.0 80.0 -104.0 -192.0 0.0 160.0 0.0 32.0 0.0 -32.0 0.0 -160.0 0.0 32.0 0.0 96.0 0.0 32.0 0.0 -48.0 104.0 -192.0 -52.0 112.0 -52.0 -64.0 0.0 144.0 104.0 -144.0 -104.0 -16.0 52.0 0.0 0.0 
unsanctimoniousness 16.0 104.0 -160.0 -52.0 -32.0 0.0 192.0 52.0 -96.0 0.0 16.0 -104.0 96.0 0.0 16.0 104.0 16.0 -104.0 -48.0 104.0 16.0 -104.0 32.0 0.0 -64.0 0.0 -144.0 52.0 160.0 52.0 -144.0 -104.0 -16.0 52.0 0.0 0.0 
unsophisticatedness 16.0 104.0 -160.0 -52.0 208.0 -52.0 32.0 0.0 -112.0 52.0 48.0 -52.0 -176.0 52.0 80.0 -52.0 96.0 0.0 -112.0 104.0 -96.0 -52.0 112.0 -52.0 -64.0 0.0 16.0 52.0 128.0 52.0 -144.0 -104.0 -16.0 52.0 0.0 0.0 
untransubstantiated 16.0 104.0 -80.0 -104.0 -32.0 0.0 -80.0 52.0 192.0 52.0 -160.0 -52.0 144.0 -52.0 -16.0 104.0 -128.0 -52.0 80.0 -52.0 -112.0 52.0 192.0 52.0 -80.0 -104.0 96.0 0.0 -208.0 52.0 112.0 -52.0 -64.0 0.0 16.0 52.0 
uranostaphyloplasty -96.0 0.0 -80.0 52.0 192.0 52.0 48.0 -104.0 -208.0 52.0 80.0 -52.0 -112.0 52.0 272.0 -52.0 -112.0 52.0 -16.0 -52.0 112.0 52.0 -16.0 -52.0 32.0 0.0 -16.0 52.0 -256.0 0.0 32.0 0.0 80.0 -52.0 32.0 0.0 
vicissitudinousness 80.0 -104.0 -112.0 104.0 112.0 -104.0 -176.0 52.0 0.0 0.0 176.0 -52.0 -96.0 0.0 64.0 0.0 -112.0 52.0 144.0 -52.0 -16.0 104.0 48.0 -104.0 -64.0 0.0 -144.0 52.0 160.0 52.0 -144.0 -104.0 -16.0 52.0 0.0 0.0 
zygomaticoauricular 112.0 -104.0 -16.0 52.0 112.0 -52.0 -16.0 104.0 -224.0 -52.0 112.0 -52.0 96.0 0.0 -112.0 104.0 144.0 -104.0 -240.0 52.0 176.0 -52.0 -96.0 0.0 128.0 0.0 -112.0 104.0 80.0 -104.0 80.0 52.0 -256.0 0.0 80.0 -52.0 
zygomaticomaxillary 112.0 -104.0 -16.0 52.0 112.0 -52.0 -16.0 104.0 -224.0 -52.0 112.0 -52.0 96.0 0.0 -112.0 104.0 144.0 -104.0 -16.0 104.0 -224.0 -52.0 64.0 52.0 144.0 -104.0 48.0 52.0 0.0 0.0 -256.0 0.0 80.0 -52.0 64.0 0.0 
